-1.000000000000000000e+02 -1.054646644266243882e-06 1.495097632850416165e-16 4.908657097076052356e-07 -3.127434604521958626e-17
-9.960937500000000000e+01 -1.017352464605103535e-06 1.901488798621703280e-07 4.786257813381433746e-07 -6.249175674502560618e-08
-9.921875000000000000e+01 -9.073323270908373317e-07 3.707892092148779017e-07 4.423198075274858976e-07 -1.228659872488935267e-07
-9.882812500000000000e+01 -7.301103286672105952e-07 5.327353572552595562e-07 3.831863437664395633e-07 -1.790203064590961679e-07
-9.843750000000000000e+01 -4.946833936647632157e-07 6.674451606125675340e-07 3.032791172086213294e-07 -2.288873709663241662e-07
-9.804687500000000000e+01 -2.132081382694162031e-07 7.673350094702935387e-07 2.054480439054456875e-07 -2.704638020715327551e-07
-9.765625000000000000e+01 9.943358059150142481e-08 8.260850155594745559e-07 9.330662823197471978e-08 -3.018514350260764756e-07
-9.726562500000000000e+01 4.261853921092018105e-07 8.389279434403706937e-07 -2.881950069582618623e-08 -3.213128415679306071e-07
-9.687500000000000000e+01 7.484754866379783600e-07 8.029134287157457806e-07 -1.559686047493055727e-07 -3.273414123979717649e-07
-9.648437500000000000e+01 1.046972371951393477e-06 7.171368098940478220e-07 -2.826488493300541305e-07 -3.187444391795912768e-07
-9.609375000000000000e+01 1.302421076297428232e-06 5.829199399634554801e-07 -4.029787759561587190e-07 -2.947357356378535465e-07
-9.570312500000000000e+01 1.496538328628338466e-06 4.039299126429307663e-07 -5.108649878127202726e-07 -2.550325277472093033e-07
-9.531250000000000000e+01 1.612939598133467101e-06 1.862210057303193000e-07 -6.002174249616215596e-07 -1.999497685097051392e-07
-9.492187500000000000e+01 1.638065177084202517e-06 -6.181444666894519990e-08 -6.651996833119400154e-07 -1.304838297831907579e-07
-9.453125000000000000e+01 1.562067185184590201e-06 -3.295989118839298682e-07 -7.005085312424691457e-07 -4.837681409684910921e-08
-9.414062500000000000e+01 1.379614963291364571e-06 -6.046359462743428059e-07 -7.016733134627972657e-07 4.384739053526348629e-08
-9.375000000000000000e+01 1.090573332640509818e-06 -8.728953076017793855e-07 -6.653625464290296998e-07 1.428836535334425395e-07
-9.335937500000000000e+01 7.005071374840965426e-07 -1.119316718572755526e-06 -5.896819679981901707e-07 2.446898624114922371e-07
-9.296875000000000000e+01 2.209668236163864208e-07 -1.328425460798629554e-06 -4.744458709550480879e-07 3.445801283023797179e-07
-9.257812500000000000e+01 -3.304860973912804312e-07 -1.485045542461149726e-06 -3.214019795964861981e-07 4.373696545524607959e-07
-9.218750000000000000e+01 -9.305477536268591532e-07 -1.575088338010705025e-06 -1.343896430519228580e-07 5.175709610599071864e-07
-9.179687500000000000e+01 -1.550758678508373789e-06 -1.586386805571549097e-06 8.058810631490775922e-08 5.796377553230619428e-07
-9.140625000000000000e+01 -2.158419410591694287e-06 -1.509538163163570701e-06 3.153959320162033619e-07 6.182491400384335090e-07
-9.101562500000000000e+01 -2.717829964219917183e-06 -1.338711795962482798e-06 5.599147512242233504e-07 6.286232518337361852e-07
-9.062500000000000000e+01 -3.191830389570084192e-06 -1.072374718906476954e-06 8.023162841283874511e-07 6.068460618050344757e-07
-9.023437500000000000e+01 -3.543600495323553923e-06 -7.138846422477529430e-07 1.029466248617886409e-06 5.501981690300000727e-07
-8.984375000000000000e+01 -3.738657267838771392e-06 -2.719010224958018362e-07 1.227451690431063946e-06 4.574602127434962417e-07
-8.945312500000000000e+01 -3.746969679880446380e-06 2.394322399686121816e-07 1.382220084324321807e-06 3.291762285069152472e-07
-8.906250000000000000e+01 -3.545093630621248826e-06 8.005723753350818539e-07 1.480309685907010842e-06 1.678540587370623560e-07
-8.867187500000000000e+01 -3.118215937562840434e-06 1.386961917043336157e-06 1.509642608825759180e-06 -2.191706646769223110e-08
-8.828125000000000000e+01 -2.461986822965833710e-06 1.969729190115510065e-06 1.460344741847918737e-06 -2.334493576948079574e-07
-8.789062500000000000e+01 -1.584016321942716132e-06 2.516707556701747173e-06 1.325550417662774150e-06 -4.580536682540327711e-07
-8.750000000000000000e+01 -5.049124237599400544e-07 2.993758470627521338e-06 1.102145200913146050e-06 -6.852601716905585075e-07
-8.710937500000000000e+01 7.412517688265563010e-07 3.366364627870738202e-06 7.913977407934119634e-07 -9.031656479550030647e-07
-8.671875000000000000e+01 2.107137650725343647e-06 3.601440268135094880e-06 3.994317237798750142e-07 -1.098903656810996249e-06
-8.632812500000000000e+01 3.533078922986210291e-06 3.669287026681483654e-06 -6.250814376350388724e-08 -1.259226431364092458e-06
-8.593750000000000000e+01 4.948797670704940810e-06 3.545606786172286751e-06 -5.780363327876833490e-07 -1.371179648022163855e-06
-8.554687500000000000e+01 6.275901331655175941e-06 3.213468902217575529e-06 -1.125884240775042872e-06 -1.422843734485111644e-06
-8.515625000000000000e+01 7.431120973695054532e-06 2.665119110723673801e-06 -1.680455207591887226e-06 -1.404108511223432776e-06
-8.476562500000000000e+01 8.330206120548550031e-06 1.903512413038363493e-06 -2.212682370793494753e-06 -1.307442183802465241e-06
-8.437500000000000000e+01 8.892345360155332057e-06 9.434531506660737143e-07 -2.691178819911547310e-06 -1.128611460321157778e-06
-8.398437500000000000e+01 9.044937591620814260e-06 -1.877670312115664597e-07 -3.083652105720195713e-06 -8.673072681686898322e-07
-8.359375000000000000e+01 8.728498656255991722e-06 -1.450328227514674495e-06 -3.358537294845080623e-06 -5.276305289794551434e-07
-8.320312500000000000e+01 7.901454973004845561e-06 -2.792511898918811908e-06 -3.486785377168274969e-06 -1.183949693045645291e-07
-8.281250000000000000e+01 6.544552295716793422e-06 -4.152046801904688000e-06 -3.443727953007444387e-06 3.467908694723687013e-07
-8.242187500000000000e+01 4.664596241370222440e-06 -5.458183353906562174e-06 -3.210925795521860082e-06 8.496924066829654974e-07
-8.203125000000000000e+01 2.297243822524733248e-06 -6.634470429728311913e-06 -2.777899117996016076e-06 1.367888200394420505e-06
-8.164062500000000000e+01 -4.914166639863326580e-07 -7.602167485232930177e-06 -2.143632104466448862e-06 1.875486564838256889e-06
-8.125000000000000000e+01 -3.604725595497682011e-06 -8.284182753311457228e-06 -1.317744264959369582e-06 2.344112328089582170e-06
-8.085937500000000000e+01 -6.916929267890975508e-06 -8.609387234475305087e-06 -3.212270277101747507e-07 2.744140935704783568e-06
-8.046875000000000000e+01 -1.027638567819254278e-05 -8.517116665323655467e-06 8.133440047015765006e-07 3.046141172097054095e-06
-8.007812500000000000e+01 -1.351053032162125023e-05 -7.961642014314880555e-06 2.042192515343353026e-06 3.222472213992291432e-06
-7.968750000000000000e+01 -1.643254288664387774e-05 -6.916365687229669712e-06 3.311367974457527646e-06 3.248966425860744939e-06
-7.929687500000000000e+01 -1.884955798377337122e-05 -5.377487696873323175e-06 4.558433256729096938e-06 3.106617153754431815e-06
-7.890625000000000000e+01 -2.057216259169526718e-05 -3.366885405256363206e-06 5.714798013061969141e-06 2.783181646083716931e-06
-7.851562500000000000e+01 -2.142482483241496538e-05 -9.339634649942543665e-07 6.708646158163776747e-06 2.274603932036784598e-06
-7.812500000000000000e+01 -2.125680850960983553e-05 1.843741930790745998e-06 7.468368350525486643e-06 1.586161706926096648e-06
-7.773437500000000000e+01 -1.995305125880890082e-05 4.861378321482749676e-06 7.926373521464523050e-06 7.332455299313960645e-07
-7.734375000000000000e+01 -1.744442675433209924e-05 7.989129623801188851e-06 8.023119391131110570e-06 -2.583117538702741495e-07
-7.695312500000000000e+01 -1.371677837766222680e-05 1.107615555812069275e-05 7.711172603072115328e-06 -1.352422434281277432e-06
-7.656250000000000000e+01 -8.818107518020375235e-06 1.395608865946244836e-05 6.959086697678942141e-06 -2.503495044465110092e-06
-7.617187500000000000e+01 -2.863327646106944568e-06 1.645397398167226452e-05 5.754872570061519976e-06 -3.657771093103711572e-06
-7.578125000000000000e+01 3.963942477223925120e-06 1.839444761090659221e-05 4.108832999788133988e-06 -4.755240582379326609e-06
-7.539062500000000000e+01 1.141297617115143159e-05 1.961086219025916667e-05 2.055541598275281018e-06 -5.732097959075142454e-06
-7.500000000000000000e+01 1.917122621763328594e-05 1.995498561285541546e-05 -3.452321001690648872e-07 -6.523667290117942177e-06
-7.460937500000000000e+01 2.687344132080299319e-05 1.930682785794405644e-05 -3.008815463157593628e-06 -7.067692889146698527e-06
-7.421875000000000000e+01 3.411456546005033064e-05 1.758409556969165941e-05 -5.827260973744266548e-06 -7.307861146601743463e-06
-7.382812500000000000e+01 4.046617092675827698e-05 1.475073903788731711e-05 -8.672369528853196563e-06 -7.197392814894780499e-06
-7.343750000000000000e+01 4.549596381446877058e-05 1.082404575288931428e-05 -1.140010147123566263e-05 -6.702524336800680729e-06
-7.304687500000000000e+01 4.878968992122218601e-05 5.879751805344408250e-06 -1.385629431012609918e-05 -5.805683712629917601e-06
-7.265625000000000000e+01 4.997457061987984478e-05 5.468906286686114893e-08 -1.588352900313075300e-05 -4.508162363517234997e-06
-7.226562500000000000e+01 4.874322397398211937e-05 -6.453437116780286198e-06 -1.732890996981753615e-05 -2.832090584129094701e-06
-7.187500000000000000e+01 4.487688787260628309e-05 -1.338943882824407752e-05 -1.805245180403760533e-05 -8.215411410214491436e-07
-7.148437500000000000e+01 3.826667019290238420e-05 -2.044737172992227778e-05 -1.793570221627748679e-05 1.457386530100742567e-06
-7.109375000000000000e+01 2.893151559686365018e-05 -2.728060777673190634e-05 -1.689018026478322602e-05 3.917610733392552606e-06
-7.070312500000000000e+01 1.703160718347562427e-05 -3.351509442323357540e-05 -1.486517530967820626e-05 6.453302046289903504e-06
-7.031250000000000000e+01 2.876018935541249655e-06 -3.876545925220989570e-05 -1.185443868758490060e-05 8.943314147278041276e-06
-6.992187500000000000e+01 -1.307639625883118967e-05 -4.265343721892764749e-05 -7.901309432622582313e-06 1.125575630666502715e-05
-6.953125000000000000e+01 -3.022365971414205099e-05 -4.482792430794474078e-05 -3.101849089930672557e-06 1.325358929276211975e-05
-6.914062500000000000e+01 -4.783533484564207738e-05 -4.498580604785930824e-05 2.394380688380956176e-06 1.480106296563633590e-05
-6.875000000000000000e+01 -6.507532489146393428e-05 -4.289258166558564686e-05 8.386181169427533999e-06 1.577075362027243518e-05
-6.835937500000000000e+01 -8.103251390622918243e-05 -3.840171383299290607e-05 1.462539832426104289e-05 1.605090538285509688e-05
-6.796875000000000000e+01 -9.475853595068261387e-05 -3.147158812759755057e-05 2.082447700793577106e-05 1.555273576098203676e-05
-6.757812500000000000e+01 -1.053115208858126407e-04 -2.217897220415775833e-05 2.666680174889194538e-05 1.421733370594749444e-05
-6.718750000000000000e+01 -1.118042418749493928e-04 -1.072792706519705083e-05 3.181958940206555328e-05 1.202176186356732242e-05
-6.679687500000000000e+01 -1.134547022533772230e-04 2.546755756606573773e-06 3.594894675121307337e-05 8.983975266198154612e-06
-6.640625000000000000e+01 -1.096368709705059820e-04 1.718233694199874234e-05 3.873655785754850228e-05 5.166188246097987852e-06
-6.601562500000000000e+01 -9.992902887437978693e-05 3.259764161282589778e-05 3.989732918027819736e-05 6.763609128894367689e-07
-6.562500000000000000e+01 -8.415704346035951175e-05 4.810952443271791085e-05 3.919720316086121922e-05 -4.332463513721449000e-06
-6.523437500000000000e+01 -6.242986515032911132e-05 6.295618405215835933e-05 3.647026095906298788e-05 -9.665159409672375440e-06
-6.484375000000000000e+01 -3.516464734109985002e-05 7.632686786258023603e-05 3.163417985114808269e-05 -1.508994823898475966e-05
-6.445312500000000000e+01 -3.099143696633915868e-06 8.739713887007984072e-05 2.470309712291523033e-05 -2.034623379781387055e-05
-6.406250000000000000e+01 3.271056852362924650e-05 9.536851100956514685e-05 1.579696549158251216e-05 -2.515469470416756108e-05
-6.367187500000000711e+01 7.090845602039132223e-05 9.951091647321472916e-05 5.146568754010611563e-06 -2.922935371155155858e-05
-6.328125000000000000e+01 1.098737443408891873e-04 9.920616866994661984e-05 -6.906498222769997392e-06 -3.229121152421030386e-05
-6.289062500000000000e+01 1.477729705262262327e-04 9.399034729552194385e-05 -1.991539531577286165e-05 -3.408290837329699518e-05
-6.250000000000000000e+01 1.826280206770943687e-04 8.359287655842605885e-05 -3.333942734978691952e-05 -3.438376778453774247e-05
-6.210937500000000000e+01 2.123984142998920632e-04 6.797001037471810808e-05 -4.656126758999365109e-05 -3.302449195749228186e-05
-6.171875000000000000e+01 2.350752109911181942e-04 4.733049218901951710e-05 -5.890972645318905479e-05 -2.990072469316753081e-05
-6.132812499999999289e+01 2.487830728443805178e-04 2.215133007718453687e-05 -6.968746674483519005e-05 -2.498468232999277640e-05
-6.093750000000000000e+01 2.518862651178111617e-04 -6.818077758578237196e-06 -7.820275826375634384e-05 -1.833408023269554599e-05
-6.054687500000000000e+01 2.430937650294050581e-04 -3.856482023734814080e-05 -8.380407542076776135e-05 -1.009765406104787093e-05
-6.015625000000000000e+01 2.215582179608596020e-04 -7.183518839976553438e-05 -8.591608894043564586e-05 -5.166904498735917090e-07
-5.976562500000000000e+01 1.869632701765391869e-04 -1.051714562333230796e-04 -8.407540316934412547e-05 1.007786305173364108e-05
-5.937499999999999289e+01 1.395938476694846299e-04 -1.369622832434738355e-04 -7.796425831922785274e-05 2.127295065356099406e-05
-5.898437500000000000e+01 8.038426195992225479e-05 -1.655055859391268980e-04 -6.744036333711093175e-05 3.258565320727246570e-05
-5.859375000000000000e+01 1.093961368271462870e-05 -1.890820123034171046e-04 -5.256105735300083473e-05 4.347992923897496011e-05
-5.820312500000000000e+01 -6.647317135160223101e-05 -2.060364701666197659e-04 -3.360011885222488615e-05 5.338742822747584091e-05
-5.781250000000000000e+01 -1.489672197281253010e-04 -2.148645418165724512e-04 -1.105575057017073488e-05 6.173173299869297477e-05
-5.742187500000000711e+01 -2.331117049679219677e-04 -2.143000965016731395e-04 1.435144067309795934e-05 6.795518705522826317e-05
-5.703125000000000000e+01 -3.150416403706664953e-04 -2.034000202825205200e-04 4.169128506664298434e-05 7.154728751754453348e-05
-5.664062500000000000e+01 -3.905995057918009578e-04 -1.816217456219263717e-04 6.984810039440802337e-05 7.207348085044016674e-05
-5.625000000000000000e+01 -4.555050396222708881e-04 -1.488892030165243040e-04 9.755586416757390869e-05 6.920309067727785542e-05
-5.585937500000000000e+01 -5.055478367356784283e-04 -1.056429502890913162e-04 1.234439081546166023e-04 6.273503766342474874e-05
-5.546875000000000000e+01 -5.367957943311586419e-04 -5.287057242228752202e-05 1.460920058530034218e-04 5.261998346726745449e-05
-5.507812499999999289e+01 -5.458110211349100072e-04 7.886009754161371621e-06 1.640931908521410867e-04 3.897754775571493440e-05
-5.468750000000000000e+01 -5.298636523622200084e-04 7.454893277079096409e-05 1.761221276930253349e-04 2.210731451602959089e-05
-5.429687500000000000e+01 -4.871331717054749790e-04 1.445501502681254338e-04 1.810063776885772937e-04 2.492468455875425370e-06
-5.390625000000000000e+01 -4.168864052098363807e-04 2.149051017915045228e-04 1.777974842335466443e-04 -1.920490745793788229e-05
-5.351562500000000000e+01 -3.196213836498145756e-04 2.823135640795254586e-04 1.658384727102693319e-04 -4.215757810126187152e-05
-5.312500000000000711e+01 -1.971668198096640859e-04 3.432855827163873268e-04 1.448241493085233303e-04 -6.539630686291171731e-05
-5.273437500000000000e+01 -5.272804666061649270e-05 3.942889523913901614e-04 1.148505223640234555e-04 -8.784234780160097254e-05
-5.234375000000000000e+01 1.091280793027379903e-04 4.319132949351586759e-04 7.644978929156431673e-05 -1.083487197885801660e-04
-5.195312500000000000e+01 2.825546069084800341e-04 4.530444512957482704e-04 3.060765691628535273e-05 -1.257491526739454041e-04
-5.156250000000000000e+01 4.605748599037931892e-04 4.550417402902991095e-04 -2.123969140349916875e-05 -1.389130211683016524e-04
-5.117187500000000711e+01 6.353012599927577997e-04 4.359097304275543275e-04 -7.723090042497759815e-05 -1.468040252191066958e-04
-5.078125000000000000e+01 7.982187300150786133e-04 3.944556056899832389e-04 -1.351279638208430917e-04 -1.485398858947092567e-04
-5.039062500000000000e+01 9.405252760405300588e-04 3.304230559387872300e-04 -1.923877617954145372e-04 -1.434499563878752822e-04
-5.000000000000000000e+01 1.053518851088861745e-03 2.445939432877540401e-04 -2.462551599691578403e-04 -1.311274488867119606e-04
-4.960937500000000000e+01 1.129016329704250927e-03 1.388498172143969272e-04 -2.938749201140142351e-04 -1.114729894886623313e-04
-4.921875000000000000e+01 1.159787568035064963e-03 1.618667130932991294e-05 -3.324184289657616895e-04 -8.472645735700033666e-05
-4.882812500000000000e+01 1.139985277094726981e-03 -1.193218838220400817e-04 -3.592201480494302927e-04 -5.148454035477635594e-05
-4.843750000000000000e+01 1.065549964754620646e-03 -2.626156862024265921e-04 -3.719178115903381578e-04 -1.270212127799888891e-05
-4.804687500000000000e+01 9.345686374765834435e-04 -4.077935247994090521e-04 -3.685898223739892234e-04 3.032355431188270452e-05
-4.765625000000000000e+01 7.475663833049115380e-04 -5.483106610909213585e-04 -3.478830641106005119e-04 7.598605658517166173e-05
-4.726562500000000000e+01 5.077114182788209674e-04 -6.772233174035676394e-04 -3.091244804617471328e-04 1.224195013172645237e-04
-4.687500000000000000e+01 2.209166493188185858e-04 -7.874725647581000930e-04 -2.524102497316192315e-04 1.675631943973451398e-04
-4.648437500000000000e+01 -1.041757846922865965e-04 -8.721977759632263023e-04 -1.786671641621730882e-04 2.092388646495828806e-04
-4.609375000000000000e+01 -4.563363035847254495e-04 -9.250678951128873603e-04 -8.968183411909008002e-05 2.452376688259745672e-04
-4.570312500000000000e+01 -8.220204235642128042e-04 -9.406172870123907792e-04 1.190550189197696861e-05 2.734138774281049647e-04
-4.531250000000000000e+01 -1.185771072043034693e-03 -9.145719116627247861e-04 1.226445511638991209e-04 2.917820670048821446e-04
-4.492187500000000000e+01 -1.530744021186536147e-03 -8.441510331816419119e-04 2.383566813638953244e-04 2.986146956954769728e-04
-4.453125000000000000e+01 -1.839343977187077143e-03 -7.283296127226341309e-04 3.542543319691214901e-04 2.925370391418599409e-04
-4.414062500000000000e+01 -2.093953125012928788e-03 -5.680469369897406815e-04 4.650965115002938556e-04 2.726165175618638025e-04
-4.375000000000000000e+01 -2.277728436956344936e-03 -3.663478907522457750e-04 5.653775997098557139e-04 2.384433661771390330e-04
-4.335937500000000000e+01 -2.375438987034210123e-03 -1.284446059980286865e-04 6.495454384145213367e-04 1.901993390274559024e-04
-4.296875000000000000e+01 -2.374310061634420793e-03 1.383119480238526825e-04 7.122433206590151732e-04 1.287106955542246557e-04
-4.257812500000000000e+01 -2.264837230155722185e-03 4.245584643647959747e-04 7.485689181214447759e-04 5.548117670124794610e-05
-4.218750000000000000e+01 -2.041530977466208402e-03 7.191488582605639300e-04 7.543414084052386167e-04 -2.729981671350969856e-05
-4.179687500000000000e+01 -1.703551273412254839e-03 1.009488071087551002e-03 7.263661357824497278e-04 -1.167788648166207671e-04
-4.140625000000000000e+01 -1.255191855668103332e-03 1.281966755328864394e-03 6.626842092051614137e-04 -2.094947442622696089e-04
-4.101562500000000000e+01 -7.061763223128792767e-04 1.522488214271704339e-03 5.627927503111860132e-04 -3.014729852923220179e-04
-4.062500000000000000e+01 -7.173262366807906442e-05 1.717073143370196307e-03 4.278203667410125925e-04 -3.883606749869928688e-04
-4.023437500000000000e+01 6.275806218181353719e-04 1.852521614301017375e-03 2.606421929955372516e-04 -4.656006521537470622e-04
-3.984375000000000000e+01 1.366313354149796370e-03 1.917105776962522642e-03 6.591984107696545643e-05 -5.286407233993182381e-04
-3.945312500000000000e+01 2.114834780857575113e-03 1.901261461455702653e-03 -1.499459245668070817e-04 -5.731695748511931232e-04
-3.906250000000000000e+01 2.840308242683437304e-03 1.798242838899091062e-03 -3.789579450224371190e-04 -5.953671313542829944e-04
-3.867187500000000000e+01 3.507908417765168499e-03 1.604702138048694823e-03 -6.117635524351722372e-04 -5.921537918935564733e-04
-3.828125000000000000e+01 4.082244156769559637e-03 1.321156613799495585e-03 -8.379897286427658368e-04 -5.614208217209258698e-04
-3.789062500000000000e+01 4.528935946946723717e-03 9.523078453444898308e-04 -1.046661604731829662e-03 -5.022236902496425917e-04
-3.750000000000000000e+01 4.816284374432516779e-03 5.071840772708230286e-04 -1.226686474848664131e-03 -4.149216024144088371e-04
-3.710937500000000000e+01 4.916956033371670115e-03 -9.155168380061903810e-07 -1.367379563921361594e-03 -3.012499135246712346e-04
-3.671875000000000000e+01 4.809607013565348962e-03 -5.546855936278990810e-04 -1.459003550239936029e-03 -1.643172864912853179e-04
-3.632812500000000000e+01 4.480362024724513989e-03 -1.133287965338416591e-03 -1.493291878586621747e-03 -8.525811983350027601e-06
-3.593750000000000000e+01 3.924069680731773549e-03 -1.713021366746119486e-03 -1.463926532500836554e-03 1.605808865083970839e-04
-3.554687500000001421e+01 3.145261374965053688e-03 -2.268164631941392041e-03 -1.366944167315428584e-03 3.365301812945486332e-04
-3.515624999999998579e+01 2.158752038846418163e-03 -2.771961061564426169e-03 -1.201049989323629136e-03 5.121772020320045690e-04
-3.476562500000000000e+01 9.898350623332077131e-04 -3.197705048799821294e-03 -9.678258172122853210e-04 6.799865420184848276e-04
-3.437500000000000000e+01 -3.259602966187331863e-04 -3.519888228765467170e-03 -6.718264276961133765e-04 8.323194278146092435e-04
-3.398437500000000000e+01 -1.743563732041760166e-03 -3.715361547594372982e-03 -3.205654603391991375e-04 9.617095888580697721e-04
-3.359375000000000000e+01 -3.209508877328943674e-03 -3.764471302549806091e-03 7.560227236440742078e-05 1.061116470031237642e-03
-3.320312500000000000e+01 -4.663510629683686320e-03 -3.652130567163249918e-03 5.036921803522390311e-04 1.124151803970646667e-03
-3.281250000000000000e+01 -6.040442682627392146e-03 -3.368791375973922454e-03 9.483851388047970232e-04 1.145283687656826425e-03
-3.242187500000000000e+01 -7.272670303643877579e-03 -2.911286382437592354e-03 1.392399815901569507e-03 1.120029574905448150e-03
-3.203125000000000000e+01 -8.292681561353588277e-03 -2.283510335400574381e-03 1.816940793719828105e-03 1.045154185143351566e-03
-3.164062500000001421e+01 -9.035948558131468369e-03 -1.496910966076307010e-03 2.202227645869403276e-03 9.188885239649443237e-04
-3.125000000000001421e+01 -9.443937800122651632e-03 -5.707557247936117855e-04 2.528115597207393397e-03 7.411807871103546792e-04
-3.085937499999998579e+01 -9.467174833213253676e-03 4.678639131430904416e-04 2.774820565398899899e-03 5.139785540200831780e-04
-3.046875000000000000e+01 -9.068252387010141552e-03 1.584333417787466784e-03 2.923758086692620790e-03 2.415252989707526981e-04
-3.007812500000000000e+01 -8.224654022414380761e-03 2.737166236661483891e-03 2.958495314472990839e-03 -6.936478699939656843e-05
-2.968750000000000000e+01 -6.931248250538892680e-03 3.879046132674660030e-03 2.865797591306051655e-03 -4.091076871219034546e-04
-2.929687500000000000e+01 -5.202293964509028396e-03 4.958290357378589142e-03 2.636727298119003610e-03 -7.652926639288027679e-04
-2.890625000000000000e+01 -3.072790393144206149e-03 5.920741456048520326e-03 2.267725843073309031e-03 -1.122836487801076545e-03
-2.851562500000000000e+01 -5.990076826139535682e-04 6.712063426400917063e-03 1.761584425914997781e-03 -1.464406606801502836e-03
-2.812500000000000000e+01 2.141948583645753110e-03 7.280377244635812678e-03 1.128191197216910514e-03 -1.771145289938922925e-03
-2.773437500000000000e+01 5.053651426606220985e-03 7.579125341633663124e-03 3.849371051662957201e-04 -2.023688185981560497e-03
-2.734375000000001421e+01 8.023005639241040030e-03 7.570010280643224218e-03 -4.433258224735014703e-04 -2.203424523573646945e-03
-2.695312499999998579e+01 1.092403273092461963e-02 7.225816607528377788e-03 -1.324850256481580144e-03 -2.293900137781695533e-03
-2.656250000000000000e+01 1.362270092580708351e-02 6.532903526211841089e-03 -2.222113644606079838e-03 -2.282227552356279592e-03
-2.617187500000000000e+01 1.598262965006348735e-02 5.493155231596170626e-03 -3.093465249673270009e-03 -2.160347456501575652e-03
-2.578125000000000000e+01 1.787141831835746889e-02 4.125198379467907676e-03 -3.895211680556110584e-03 -1.925988178907729349e-03
-2.539062500000000000e+01 1.916728303479395268e-02 2.464741930036436646e-03 -4.583996761876842768e-03 -1.583195135906376562e-03
-2.500000000000000000e+01 1.976564044602253933e-02 5.639596393116863256e-04 -5.119289855246856799e-03 -1.142347446528894309e-03
-2.460937500000000000e+01 1.958526170782167591e-02 -1.510087025863702690e-03 -5.465775535946102576e-03 -6.196375237682470120e-04
-2.421875000000000000e+01 1.857363454036332559e-02 -3.677906650205244130e-03 -5.595440553280079873e-03 -3.605356282745110329e-05
-2.382812500000000000e+01 1.671121718243114007e-02 -5.850762349716293054e-03 -5.489181867228687395e-03 5.840333026204918947e-04
-2.343750000000000000e+01 1.401434048809728147e-02 -7.934369361488537165e-03 -5.137810022403738186e-03 1.214522550925255283e-03
-2.304687500000001421e+01 1.053660579937557712e-02 -9.832855895012274083e-03 -4.542390527968658692e-03 1.829285823113486597e-03
-2.265624999999998579e+01 6.368726223870028319e-03 -1.145273030302224743e-02 -3.713945426400726540e-03 2.403705891100034811e-03
-2.226562500000000000e+01 1.636855528491180066e-03 -1.270662234200593474e-02 -2.672618891283794901e-03 2.915850271398761750e-03
-2.187500000000000000e+01 -3.500470290285067135e-03 -1.351662155391740450e-02 -1.446483450986938042e-03 3.347115183914696306e-03
-2.148437500000000000e+01 -8.856599522852852749e-03 -1.381711570486089669e-02 -7.021467146258863080e-05 3.682247402889970989e-03
-2.109375000000000000e+01 -1.422204026303895349e-02 -1.355712582519400314e-02 1.416120984282182981e-03 3.908754702504021496e-03
-2.070312500000000000e+01 -1.937056275327120325e-02 -1.270222608452930939e-02 2.967948564290489536e-03 4.015840868279989262e-03
-2.031250000000000000e+01 -2.406599569758757773e-02 -1.123620761225471026e-02 4.536599455334882312e-03 3.993131189383355810e-03
-1.992187500000000000e+01 -2.806965341264785335e-02 -9.162675929531897967e-03 6.069247213266251717e-03 3.829564110096082136e-03
-1.953125000000000000e+01 -3.114840171764675716e-02 -6.506745519728679775e-03 7.508513599844130609e-03 3.512884976922371963e-03
-1.914062500000001421e+01 -3.308341860576306803e-02 -3.316903408271879364e-03 8.792063741962452550e-03 3.030159635742095403e-03
-1.874999999999998579e+01 -3.367970554795432503e-02 3.330404896405010466e-04 9.852652833138728083e-03 2.369606905692167760e-03
-1.835937499999998579e+01 -3.277633538814463121e-02 4.342196846092067491e-03 1.061916273080730673e-02 1.523822114688588684e-03
-1.796875000000000000e+01 -3.025727212747300610e-02 8.581522980605594403e-03 1.101913504311962701e-02 4.941442011399966574e-04
-1.757812500000000000e+01 -2.606237168078828423e-02 1.289409003567816916e-02 1.098313935524865455e-02 -7.044484350449337681e-04
-1.718750000000000000e+01 -2.019789661214477922e-02 1.709742612044693605e-02 1.045100660776342172e-02 -2.038865850365282045e-03
-1.679687500000000000e+01 -1.274559862376111949e-02 2.098860291543242287e-02 9.379539153142942010e-03 -3.455017560147578826e-03
-1.640625000000000000e+01 -3.869203125828333742e-03 2.435249196543547504e-02 7.750852344988491682e-03 -4.877639216262493610e-03
-1.601562500000000000e+01 6.182961129054248030e-03 2.697320667536227956e-02 5.580113840753084600e-03 -6.213640144059953511e-03
-1.562500000000000000e+01 1.708034982906433963e-02 2.864821672146054127e-02 2.921244806678903721e-03 -7.359158309352084940e-03
-1.523437500000000000e+01 2.841846079096378708e-02 2.920406615620868909e-02 -1.307728421332212581e-04 -8.209711860022197299e-03
-1.484375000000001421e+01 3.973330120905661789e-02 2.851216395503173087e-02 -3.441944954659668324e-03 -8.672064880878013055e-03
-1.445312499999998579e+01 5.052174786051483180e-02 2.650286075248728390e-02 -6.845980015682066530e-03 -8.675918081002728308e-03
-1.406250000000000000e+01 6.026678150000015777e-02 2.317605304758707518e-02 -1.015521469848075509e-02 -8.183472665141904023e-03
-1.367187500000000000e+01 6.846594312978662722e-02 1.860687529885701047e-02 -1.317459902117717671e-02 -7.195331658043221598e-03
-1.328125000000000000e+01 7.466089887829008287e-02 1.294558945803671660e-02 -1.571712985721120115e-02 -5.751954125690337573e-03
-1.289062500000000000e+01 7.846578102846415992e-02 6.411449469092994104e-03 -1.761897763159092634e-02 -3.930696729273597256e-03
-1.250000000000000000e+01 7.959201764556714243e-02 -7.190163711185300604e-04 -1.875269505765084221e-02 -1.839094806812277896e-03
-1.210937500000000000e+01 7.786765175194318434e-02 -8.128291969582028542e-03 -1.903721693540916249e-02 3.946883087354845785e-04
-1.171875000000000000e+01 7.324963592008959523e-02 -1.547728332357756198e-02 -1.844372735972209590e-02 2.633325356167567390e-03
-1.132812500000000000e+01 6.582821443170927544e-02 -2.242611287886221022e-02 -1.699681027178253506e-02 4.742874987958608374e-03
-1.093750000000000000e+01 5.582322076048456400e-02 -2.865439445879868624e-02 -1.477062588059365085e-02 6.605534559301564843e-03
-1.054687500000001421e+01 4.357287215355872684e-02 -3.387905776592330109e-02 -1.188025124484087987e-02 8.131414572089379345e-03
-1.015624999999998579e+01 2.951637405037767919e-02 -3.786794639944589258e-02 -8.468868345230412889e-03 9.267723480388937243e-03
-9.765625000000000000e+00 1.417227179087053764e-02 -4.044781226085693293e-02 -4.692177473547196748e-03 1.000347067174353968e-02
-9.375000000000000000e+00 -1.885098899782956892e-03 -4.150601098014401746e-02 -7.021375247009221726e-04 1.036797041122721613e-02
-8.984375000000000000e+00 -1.804861542839819588e-02 -4.098613872961027332e-02 3.367329293208243344e-03 1.042222473714802741e-02
-8.593750000000000000e+00 -3.369867991941855739e-02 -3.887892018025310148e-02 7.409917938984548341e-03 1.024359987374141509e-02
-8.203125000000000000e+00 -4.821940641239268882e-02 -3.521066036831359963e-02 1.134952427714045094e-02 9.905787417445553050e-03
-7.812500000000000000e+00 -6.101030518632413052e-02 -3.003227447248664819e-02 1.513461637306767922e-02 9.457459147182998085e-03
-7.421875000000000000e+00 -7.149431922607639434e-02 -2.341209711535303245e-02 1.872470805743160077e-02 8.903936232212047650e-03
-7.031250000000000000e+00 -7.912425047375454268e-02 -1.543521023170591269e-02 2.207100164353099220e-02 8.196395831266207327e-03
-6.640625000000014211e+00 -8.339048167406919176e-02 -6.210885806869684972e-03 2.509494594979043772e-02 7.232557342540021222e-03
-6.250000000000014211e+00 -8.383320104328850775e-02 4.111994241381246480e-03 2.766975135780654765e-02 5.871402041846008821e-03
-5.859374999999985789e+00 -8.006187807854678318e-02 1.532379165098230259e-02 2.961049246983305655e-02 3.962241486653843986e-03
-5.468750000000000000e+00 -7.178343404857556731e-02 2.713163939557449583e-02 3.067797327100336632e-02 1.385349498751912512e-03
-5.078125000000000000e+00 -5.883847358231504565e-02 3.914176018072242080e-02 3.059972334130337673e-02 -1.902371596153223064e-03
-4.687500000000000000e+00 -4.124237172883764985e-02 5.085341357032278908e-02 2.910820754941995797e-02 -5.826874225534490505e-03
-4.296875000000000000e+00 -1.922544182257870937e-02 6.167049496624715799e-02 2.599185359796826050e-02 -1.017394716640438943e-02
-3.906250000000000000e+00 6.735485050180857122e-03 7.093415287337223596e-02 2.114976131857932914e-02 -1.459492895139339469e-02
-3.515625000000000000e+00 3.590225514927248424e-02 7.797547947968352933e-02 1.463752718819857912e-02 -1.864668146062540416e-02
-3.125000000000000000e+00 6.728418716846372438e-02 8.218222956014670233e-02 6.691285655471748001e-03 -2.186146127557810070e-02
-2.734375000000000000e+00 9.967401888255982001e-02 8.306910573525533303e-02 -2.279017813474668638e-03 -2.383117729470425605e-02
-2.343750000000014211e+00 1.317099619452852255e-01 8.033905186733789061e-02 -1.172837400716135459e-02 -2.428299146215417287e-02
-1.953124999999985789e+00 1.619580548088102590e-01 7.392431018760892147e-02 -2.103953861249219237e-02 -2.312385539068484777e-02
-1.562500000000000000e+00 1.890054211590377620e-01 6.400060716396981098e-02 -2.959494141384614446e-02 -2.044165805447975895e-02
-1.171875000000000000e+00 2.115536790682678303e-01 5.097424612436908531e-02 -3.684088857755290353e-02 -1.646660418943880766e-02
-7.812500000000000000e-01 2.285028642143091537e-01 3.544776192256031411e-02 -4.233171556882853181e-02 -1.151109060141024959e-02
-3.906250000000000000e-01 2.390191761233766421e-01 1.817299111382118804e-02 -4.575027535935029255e-02 -5.912698461111105114e-03
0.000000000000000000e+00 2.425833499921421221e-01 3.822921592973285101e-16 -4.691015881540432086e-02 -1.236554264098952837e-16
3.906250000000000000e-01 2.390191761233769197e-01 -1.817299111382043864e-02 -4.575027535935037581e-02 5.912698461110859650e-03
7.812500000000000000e-01 2.285028642143097644e-01 -3.544776192255962022e-02 -4.233171556882872610e-02 1.151109060141001714e-02
1.171875000000000000e+00 2.115536790682686630e-01 -5.097424612436847469e-02 -3.684088857755317414e-02 1.646660418943860643e-02
1.562500000000000000e+00 1.890054211590388167e-01 -6.400060716396932525e-02 -2.959494141384648447e-02 2.044165805447960282e-02
1.953125000000000000e+00 1.619580548088114247e-01 -7.392431018760858841e-02 -2.103953861249258789e-02 2.312385539068474716e-02
2.343750000000000000e+00 1.317099619452865578e-01 -8.033905186733772408e-02 -1.172837400716177439e-02 2.428299146215414511e-02
2.734375000000000000e+00 9.967401888256116615e-02 -8.306910573525533303e-02 -2.279017813475082803e-03 2.383117729470430463e-02
3.125000000000000000e+00 6.728418716846501502e-02 -8.218222956014684111e-02 6.691285655471367229e-03 2.186146127557822560e-02
3.515625000000000000e+00 3.590225514927371242e-02 -7.797547947968380688e-02 1.463752718819825646e-02 1.864668146062557416e-02
3.906250000000000000e+00 6.735485050181956937e-03 -7.093415287337262454e-02 2.114976131857908281e-02 1.459492895139359939e-02
4.296875000000000000e+00 -1.922544182257778650e-02 -6.167049496624762983e-02 2.599185359796809744e-02 1.017394716640460280e-02
4.687500000000000000e+00 -4.124237172883692126e-02 -5.085341357032331644e-02 2.910820754941987470e-02 5.826874225534689131e-03
5.078125000000000000e+00 -5.883847358231453217e-02 -3.914176018072296204e-02 3.059972334130336633e-02 1.902371596153394802e-03
5.468750000000000000e+00 -7.178343404857526200e-02 -2.713163939557503013e-02 3.067797327100341837e-02 -1.385349498751774818e-03
5.859375000000000000e+00 -8.006187807854669991e-02 -1.532379165098281433e-02 2.961049246983315023e-02 -3.962241486653740770e-03
6.250000000000000000e+00 -8.383320104328859101e-02 -4.111994241381707049e-03 2.766975135780667255e-02 -5.871402041845932493e-03
6.640625000000000000e+00 -8.339048167406942769e-02 6.210885806869279047e-03 2.509494594979058690e-02 -7.232557342539962242e-03
7.031250000000000000e+00 -7.912425047375494513e-02 1.543521023170557095e-02 2.207100164353117261e-02 -8.196395831266155285e-03
7.421875000000000000e+00 -7.149431922607692169e-02 2.341209711535276183e-02 1.872470805743179853e-02 -8.903936232211999077e-03
7.812500000000000000e+00 -6.101030518632473421e-02 3.003227447248646084e-02 1.513461637306789259e-02 -9.457459147182954717e-03
8.203125000000000000e+00 -4.821940641239334802e-02 3.521066036831350249e-02 1.134952427714067992e-02 -9.905787417445520091e-03
8.593750000000000000e+00 -3.369867991941925822e-02 3.887892018025310148e-02 7.409917938984788600e-03 -1.024359987374140468e-02
8.984375000000000000e+00 -1.804861542839886895e-02 4.098613872961036353e-02 3.367329293208483169e-03 -1.042222473714804129e-02
9.375000000000000000e+00 -1.885098899783570550e-03 4.150601098014419787e-02 -7.021375247006932975e-04 -1.036797041122726123e-02
9.765625000000000000e+00 1.417227179087000681e-02 4.044781226085720355e-02 -4.692177473546992050e-03 -1.000347067174362295e-02
1.015625000000000000e+01 2.951637405037726286e-02 3.786794639944621871e-02 -8.468868345230248090e-03 -9.267723480389051735e-03
1.054687500000000000e+01 4.357287215355844234e-02 3.387905776592368967e-02 -1.188025124484076017e-02 -8.131414572089518122e-03
1.093750000000000000e+01 5.582322076048444603e-02 2.865439445879910951e-02 -1.477062588059359360e-02 -6.605534559301720968e-03
1.132812500000000000e+01 6.582821443170933096e-02 2.242611287886265431e-02 -1.699681027178254200e-02 -4.742874987958769703e-03
1.171875000000000000e+01 7.324963592008981728e-02 1.547728332357798525e-02 -1.844372735972216876e-02 -2.633325356167718744e-03
1.210937500000000000e+01 7.786765175194358679e-02 8.128291969582420590e-03 -1.903721693540928739e-02 -3.946883087356192364e-04
1.250000000000000000e+01 7.959201764556766978e-02 7.190163711188562968e-04 -1.875269505765101222e-02 1.839094806812171211e-03
1.289062500000000000e+01 7.846578102846478442e-02 -6.411449469092743436e-03 -1.761897763159113450e-02 3.930696729273522663e-03
1.328125000000000000e+01 7.466089887829080451e-02 -1.294558945803654833e-02 -1.571712985721143013e-02 5.751954125690295072e-03
1.367187500000000000e+01 6.846594312978740438e-02 -1.860687529885693414e-02 -1.317459902117741263e-02 7.195331658043215527e-03
1.406250000000000000e+01 6.026678150000094186e-02 -2.317605304758708906e-02 -1.015521469848098407e-02 8.183472665141935248e-03
1.445312500000000000e+01 5.052174786051558814e-02 -2.650286075248739492e-02 -6.845980015682281636e-03 8.675918081002795962e-03
1.484375000000000000e+01 3.973330120905733953e-02 -2.851216395503191822e-02 -3.441944954659849169e-03 8.672064880878110199e-03
1.523437500000000000e+01 2.841846079096440811e-02 -2.920406615620892848e-02 -1.307728421333591415e-04 8.209711860022318730e-03
1.562500000000000000e+01 1.708034982906486005e-02 -2.864821672146082576e-02 2.921244806678816117e-03 7.359158309352218513e-03
1.601562500000000000e+01 6.182961129054637475e-03 -2.697320667536258834e-02 5.580113840753049038e-03 6.213640144060087953e-03
1.640625000000000000e+01 -3.869203125828059222e-03 -2.435249196543578382e-02 7.750852344988509897e-03 4.877639216262620245e-03
1.679687500000000000e+01 -1.274559862376096336e-02 -2.098860291543271778e-02 9.379539153143002725e-03 3.455017560147686812e-03
1.718750000000000000e+01 -2.019789661214473411e-02 -1.709742612044720667e-02 1.045100660776352407e-02 2.038865850365364010e-03
1.757812500000000000e+01 -2.606237168078834321e-02 -1.289409003567839641e-02 1.098313935524878292e-02 7.044484350449858098e-04
1.796875000000000000e+01 -3.025727212747313100e-02 -8.581522980605769610e-03 1.101913504311977099e-02 -4.941442011399737808e-04
1.835937500000000000e+01 -3.277633538814482550e-02 -4.342196846092186320e-03 1.061916273080745418e-02 -1.523822114688592371e-03
1.875000000000000000e+01 -3.367970554795453320e-02 -3.330404896405571541e-04 9.852652833138866861e-03 -2.369606905692194215e-03
1.914062500000000000e+01 -3.308341860576327620e-02 3.316903408271877629e-03 8.792063741962577450e-03 -3.030159635742138771e-03
1.953125000000000000e+01 -3.114840171764698268e-02 6.506745519728717071e-03 7.508513599844232958e-03 -3.512884976922426607e-03
1.992187500000000000e+01 -2.806965341264803376e-02 9.162675929531974295e-03 6.069247213266334984e-03 -3.829564110096143718e-03
2.031250000000000000e+01 -2.406599569758773732e-02 1.123620761225481435e-02 4.536599455334935221e-03 -3.993131189383422597e-03
2.070312500000000000e+01 -1.937056275327131427e-02 1.270222608452942735e-02 2.967948564290519026e-03 -4.015840868280058651e-03
2.109375000000000000e+01 -1.422204026303903503e-02 1.355712582519413151e-02 1.416120984282184282e-03 -3.908754702504091752e-03
2.148437500000000000e+01 -8.856599522852873566e-03 1.381711570486102159e-02 -7.021467146261335061e-05 -3.682247402890039076e-03
2.187500000000000000e+01 -3.500470290285035910e-03 1.351662155391751205e-02 -1.446483450986987482e-03 -3.347115183914757888e-03
2.226562500000000000e+01 1.636855528491253358e-03 1.270662234200602148e-02 -2.672618891283866892e-03 -2.915850271398810756e-03
2.265625000000000000e+01 6.368726223870127198e-03 1.145273030302229773e-02 -3.713945426400815444e-03 -2.403705891100068638e-03
2.304687500000000000e+01 1.053660579937569161e-02 9.832855895012291431e-03 -4.542390527968756704e-03 -1.829285823113501342e-03
2.343750000000000000e+01 1.401434048809739250e-02 7.934369361488518083e-03 -5.137810022403835331e-03 -1.214522550925246176e-03
2.382812500000000000e+01 1.671121718243121293e-02 5.850762349716235808e-03 -5.489181867228781070e-03 -5.840333026204619707e-04
2.421875000000000000e+01 1.857363454036337763e-02 3.677906650205156960e-03 -5.595440553280150997e-03 3.605356282749872009e-05
2.460937500000000000e+01 1.958526170782170367e-02 1.510087025863591885e-03 -5.465775535946154617e-03 6.196375237683064263e-04
2.500000000000000000e+01 1.976564044602251158e-02 -5.639596393118180562e-04 -5.119289855246884555e-03 1.142347446528960446e-03
2.539062500000000000e+01 1.916728303479386247e-02 -2.464741930036579327e-03 -4.583996761876846238e-03 1.583195135906442699e-03
2.578125000000000000e+01 1.787141831835734052e-02 -4.125198379468040383e-03 -3.895211680556090201e-03 1.925988178907787028e-03
2.617187500000000000e+01 1.598262965006331388e-02 -5.493155231596293792e-03 -3.093465249673225774e-03 2.160347456501624224e-03
2.656250000000000000e+01 1.362270092580685626e-02 -6.532903526211943437e-03 -2.222113644606019123e-03 2.282227552356316455e-03
2.695312500000000000e+01 1.092403273092435595e-02 -7.225816607528450647e-03 -1.324850256481507720e-03 2.293900137781722422e-03
2.734375000000000000e+01 8.023005639240771147e-03 -7.570010280643271056e-03 -4.433258224734223235e-04 2.203424523573661691e-03
2.773437500000000000e+01 5.053651426605932154e-03 -7.579125341633671797e-03 3.849371051663806132e-04 2.023688185981570038e-03
2.812500000000000000e+01 2.141948583645457774e-03 -7.280377244635790127e-03 1.128191197216998117e-03 1.771145289938923142e-03
2.851562500000000000e+01 -5.990076826142423996e-04 -6.712063426400856347e-03 1.761584425915085819e-03 1.464406606801495030e-03
2.890624999999997158e+01 -3.072790393144462454e-03 -5.920741456048430988e-03 2.267725843073391430e-03 1.122836487801060715e-03
2.929687500000000000e+01 -5.202293964509240032e-03 -4.958290357378473782e-03 2.636727298119078203e-03 7.652926639287777229e-04
2.968750000000002842e+01 -6.931248250539047071e-03 -3.879046132674520385e-03 2.865797591306111503e-03 4.091076871218680012e-04
3.007812500000000000e+01 -8.224654022414488314e-03 -2.737166236661321694e-03 2.958495314473037676e-03 6.936478699935038142e-05
3.046875000000000000e+01 -9.068252387010160634e-03 -1.584333417787294179e-03 2.923758086692648112e-03 -2.415252989708036556e-04
3.085937500000000000e+01 -9.467174833213225921e-03 -4.678639131429087293e-04 2.774820565398904669e-03 -5.139785540201371713e-04
3.125000000000000000e+01 -9.443937800122538875e-03 5.707557247937949073e-04 2.528115597207377351e-03 -7.411807871104087809e-04
3.164062500000000000e+01 -9.035948558131272346e-03 1.496910966076483085e-03 2.202227645869364678e-03 -9.188885239649956065e-04
3.203125000000000000e+01 -8.292681561353345415e-03 2.283510335400729639e-03 1.816940793719770859e-03 -1.045154185143396235e-03
3.242187500000000000e+01 -7.272670303643565329e-03 2.911286382437719422e-03 1.392399815901495565e-03 -1.120029574905485881e-03
3.281250000000000000e+01 -6.040442682627048671e-03 3.368791375974020900e-03 9.483851388047098534e-04 -1.145283687656855481e-03
3.320312499999997158e+01 -4.663510629683302947e-03 3.652130567163308465e-03 5.036921803521447055e-04 -1.124151803970669869e-03
3.359375000000000000e+01 -3.209508877328557264e-03 3.764471302549833413e-03 7.560227236430398789e-05 -1.061116470031252821e-03
3.398437500000002842e+01 -1.743563732041357277e-03 3.715361547594357369e-03 -3.205654603393071241e-04 -9.617095888580790963e-04
3.437500000000000000e+01 -3.259602966183537155e-04 3.519888228765409056e-03 -6.718264276962222304e-04 -8.323194278146072919e-04
3.476562500000000000e+01 9.898350623335563925e-04 3.197705048799716343e-03 -9.678258172123920065e-04 -6.799865420184687814e-04
3.515625000000000000e+01 2.158752038846729546e-03 2.771961061564279585e-03 -1.201049989323726497e-03 -5.121772020319763797e-04
3.554687500000000000e+01 3.145261374965301754e-03 2.268164631941215967e-03 -1.366944167315513586e-03 -3.365301812945050482e-04
3.593750000000000000e+01 3.924069680731938348e-03 1.713021366745921727e-03 -1.463926532500898136e-03 -1.605808865083396212e-04
3.632812500000000000e+01 4.480362024724597256e-03 1.133287965338194113e-03 -1.493291878586661212e-03 8.525811983420934423e-06
3.671874999999997158e+01 4.809607013565331615e-03 5.546855936276692302e-04 -1.459003550239940366e-03 1.643172864913629468e-04
3.710937500000000000e+01 4.916956033371569501e-03 9.155168377769900417e-07 -1.367379563921339476e-03 3.012499135247498393e-04
3.749999999999997158e+01 4.816284374432331164e-03 -5.071840772710388932e-04 -1.226686474848610355e-03 4.149216024144841892e-04
3.789062500000000000e+01 4.528935946946446162e-03 -9.523078453446830356e-04 -1.046661604731748563e-03 5.022236902497091617e-04
3.828125000000002842e+01 4.082244156769245652e-03 -1.321156613799649542e-03 -8.379897286426621870e-04 5.614208217209779115e-04
3.867187500000000000e+01 3.507908417764779921e-03 -1.604702138048799773e-03 -6.117635524350477708e-04 5.921537918935916014e-04
3.906250000000000000e+01 2.840308242683024439e-03 -1.798242838899147874e-03 -3.789579450223039790e-04 5.953671313543005585e-04
3.945312500000000000e+01 2.114834780857134493e-03 -1.901261461455704821e-03 -1.499459245666706891e-04 5.731695748511977852e-04
3.984375000000000000e+01 1.366313354149382639e-03 -1.917105776962474070e-03 6.591984107709946382e-05 5.286407233993045771e-04
4.023437500000000000e+01 6.275806218177561180e-04 -1.852521614300918495e-03 2.606421929956638864e-04 4.656006521537203909e-04
4.062500000000000000e+01 -7.173262366842278362e-05 -1.717073143370052325e-03 4.278203667411256748e-04 3.883606749869527534e-04
4.101562499999997158e+01 -7.061763223131793839e-04 -1.522488214271516122e-03 5.627927503112825072e-04 3.014729852922697594e-04
4.140625000000000000e+01 -1.255191855668310631e-03 -1.281966755328644084e-03 6.626842092052336215e-04 2.094947442622073757e-04
4.179687500000002842e+01 -1.703551273412361525e-03 -1.009488071087309875e-03 7.263661357824989506e-04 1.167788648165518119e-04
4.218750000000000000e+01 -2.041530977466224882e-03 -7.191488582603167319e-04 7.543414084052537955e-04 2.729981671343684017e-05
4.257812500000000000e+01 -2.264837230155646725e-03 -4.245584643645405366e-04 7.485689181214345844e-04 -5.548117670132199711e-05
4.296875000000000000e+01 -2.374310061634231708e-03 -1.383119480236072191e-04 7.122433206589772262e-04 -1.287106955542928520e-04
4.335937500000000000e+01 -2.375438987033929097e-03 1.284446059982533332e-04 6.495454384144562845e-04 -1.901993390275148830e-04
4.375000000000000000e+01 -2.277728436955993654e-03 3.663478907524420156e-04 5.653775997097715798e-04 -2.384433661771891231e-04
4.414062500000000000e+01 -2.093953125012493373e-03 5.680469369899010350e-04 4.650965115001910732e-04 -2.726165175619036469e-04
4.453125000000000000e+01 -1.839343977186600095e-03 7.283296127227516584e-04 3.542543319690035289e-04 -2.925370391418870460e-04
4.492187500000000000e+01 -1.530744021186008358e-03 8.441510331817052293e-04 2.383566813637738938e-04 -2.986146956954899290e-04
4.531249999999997158e+01 -1.185771072042500832e-03 9.145719116627421333e-04 1.226445511637742208e-04 -2.917820670048834998e-04
4.570312500000000000e+01 -8.220204235636770999e-04 9.406172870123621563e-04 1.190550189185250220e-05 -2.734138774280955864e-04
4.609375000000002842e+01 -4.563363035842169044e-04 9.250678951128075631e-04 -8.968183411920782437e-05 -2.452376688259517989e-04
4.648437500000000000e+01 -1.041757846918143181e-04 8.721977759630974991e-04 -1.786671641622816168e-04 -2.092388646495507883e-04
4.687500000000000000e+01 2.209166493192396899e-04 7.874725647579465700e-04 -2.524102497317128524e-04 -1.675631943973017717e-04
4.726562500000000000e+01 5.077114182791848257e-04 6.772233174033694472e-04 -3.091244804618235691e-04 -1.224195013172157346e-04
4.765625000000000000e+01 7.475663833051912621e-04 5.483106610907062528e-04 -3.478830641106542883e-04 -7.598605658511560848e-05
4.804687500000000000e+01 9.345686374767686252e-04 4.077935247991750813e-04 -3.685898223740219663e-04 -3.032355431182155552e-05
4.843750000000000000e+01 1.065549964754732536e-03 2.626156862021915370e-04 -3.719178115903452051e-04 1.270212127806133896e-05
4.882812500000000000e+01 1.139985277094742594e-03 1.193218838217982233e-04 -3.592201480494144634e-04 5.148454035483820967e-05
4.921875000000000000e+01 1.159787568034962614e-03 -1.618667130955846276e-05 -3.324184289657198393e-04 8.472645735705660675e-05
4.960937499999997158e+01 1.129016329704057506e-03 -1.388498172146040099e-04 -2.938749201139524356e-04 1.114729894887108493e-04
5.000000000000000000e+01 1.053518851088599368e-03 -2.445939432879365113e-04 -2.462551599690793441e-04 1.311274488867529434e-04
5.039062500000002842e+01 9.405252760401977509e-04 -3.304230559389357657e-04 -1.923877617953214856e-04 1.434499563879074288e-04
5.078125000000000000e+01 7.982187300146987088e-04 -3.944556056900912254e-04 -1.351279638207387914e-04 1.485398858947293145e-04
5.117187500000000000e+01 6.353012599923293230e-04 -4.359097304276212228e-04 -7.723090042486809373e-05 1.468040252191159657e-04
5.156250000000000000e+01 4.605748599033360896e-04 -4.550417402903207936e-04 -2.123969140338825487e-05 1.389130211682999176e-04
5.195312500000000000e+01 2.825546069080268376e-04 -4.530444512957294053e-04 3.060765691639485715e-05 1.257491526739345621e-04
5.234375000000000000e+01 1.091280793023099473e-04 -4.319132949350892869e-04 7.644978929166490358e-05 1.083487197885553378e-04
5.273437500000000000e+01 -5.272804666099509610e-05 -3.942889523912960527e-04 1.148505223641137424e-04 8.784234780156606123e-05
5.312500000000000000e+01 -1.971668198100131990e-04 -3.432855827162546204e-04 1.448241493085984113e-04 6.539630686287181867e-05
5.351562500000000000e+01 -3.196213836501263922e-04 -2.823135640793758387e-04 1.658384727103290714e-04 4.215757810121416663e-05
5.390624999999997158e+01 -4.168864052100724658e-04 -2.149051017913345199e-04 1.777974842335832903e-04 1.920490745788649110e-05
5.429687500000000000e+01 -4.871331717056227558e-04 -1.445501502679441552e-04 1.810063776885950746e-04 -2.492468455928171806e-06
5.468750000000002842e+01 -5.298636523623106477e-04 -7.454893277060708340e-05 1.761221276930218654e-04 -2.210731451607767526e-05
5.507812500000000000e+01 -5.458110211349338596e-04 -7.886009753981827741e-06 1.640931908521185353e-04 -3.897754775575795012e-05
5.546875000000000000e+01 -5.367957943310979266e-04 5.287057242245795860e-05 1.460920058529687274e-04 -5.261998346730485947e-05
5.585937500000000000e+01 -5.055478367355483241e-04 1.056429502892414782e-04 1.234439081545658616e-04 -6.273503766345212484e-05
5.625000000000000000e+01 -4.555050396220930789e-04 1.488892030166570103e-04 9.755586416751406073e-05 -6.920309067730062366e-05
5.664062500000000000e+01 -3.905995057915823826e-04 1.816217456220369604e-04 6.984810039434123652e-05 -7.207348085045794765e-05
5.703125000000000000e+01 -3.150416403704149604e-04 2.034000202826003172e-04 4.169128506656687334e-05 -7.154728751755700181e-05
5.742187500000000000e+01 -2.331117049676383404e-04 2.143000965017247475e-04 1.435144067302358308e-05 -6.795518705523487680e-05
5.781250000000000000e+01 -1.489672197278225918e-04 2.148645418165941352e-04 -1.105575057024662904e-05 -6.173173299869470949e-05
5.820312499999997158e+01 -6.647317135130299121e-05 2.060364701666110923e-04 -3.360011885230403290e-05 -5.338742822747453987e-05
5.859375000000000000e+01 1.093961368301733794e-05 1.890820123033737366e-04 -5.256105735307477732e-05 -4.347992923896303388e-05
5.898437500000002842e+01 8.038426196018766748e-05 1.655055859390601111e-04 -6.744036333718097121e-05 -3.258565320725316690e-05
5.937500000000000000e+01 1.395938476697259462e-04 1.369622832433784257e-04 -7.796425831928802596e-05 -2.127295065353302164e-05
5.976562500000000000e+01 1.869632701767523410e-04 1.051714562332103226e-04 -8.407540316939183037e-05 -1.007786305169916345e-05
6.015625000000000000e+01 2.215582179610200639e-04 7.183518839963369540e-05 -8.591608894046730456e-05 5.166904499141408702e-07
6.054687500000000000e+01 2.430937650294883248e-04 3.856482023721153132e-05 -8.380407542078662647e-05 1.009765406109134744e-05
6.093750000000000000e+01 2.518862651178632034e-04 6.818077758439025637e-06 -7.820275826375764489e-05 1.833408023273782987e-05
6.132812500000000000e+01 2.487830728443909262e-04 -2.215133007732418211e-05 -6.968746674482001122e-05 2.498468233002877192e-05
6.171874999999997158e+01 2.350752109910470705e-04 -4.733049218915092241e-05 -5.890972645316173290e-05 2.990072469319918951e-05
6.210937500000000000e+01 2.123984142997671631e-04 -6.797001037483194931e-05 -4.656126758995245141e-05 3.302449195751464353e-05
6.250000000000002842e+01 1.826280206769434478e-04 -8.359287655852680834e-05 -3.333942734974008199e-05 3.438376778455476445e-05
6.289062500000000000e+01 1.477729705260492910e-04 -9.399034729560369270e-05 -1.991539531572125363e-05 3.408290837330924666e-05
6.328125000000002842e+01 1.098737443406706121e-04 -9.920616867000560044e-05 -6.906498222710149432e-06 3.229121152421594171e-05
6.367187500000000000e+01 7.090845602014152205e-05 -9.951091647324898995e-05 5.146568754068291118e-06 2.922935371155220910e-05
6.406250000000000000e+01 3.271056852337771159e-05 -9.536851100958075936e-05 1.579696549164062540e-05 2.515469470416560951e-05
6.445312500000000000e+01 -3.099143696868103537e-06 -8.739713887007203447e-05 2.470309712297236778e-05 2.034623379780584745e-05
6.484375000000000000e+01 -3.516464734135398701e-05 -7.632686786254640893e-05 3.163417985119784757e-05 1.508994823896784611e-05
6.523437500000000000e+01 -6.242986515054768648e-05 -6.295618405211412388e-05 3.647026095910651860e-05 9.665159409649390354e-06
6.562500000000000000e+01 -8.415704346056464280e-05 -4.810952443265806289e-05 3.919720316089461264e-05 4.332463513693910265e-06
6.601562499999997158e+01 -9.992902887457104019e-05 -3.259764161275130467e-05 3.989732918029988140e-05 -6.763609129213123128e-07
6.640625000000000000e+01 -1.096368709706616734e-04 -1.718233694192024610e-05 3.873655785755869378e-05 -5.166188246128345513e-06
6.679687500000002842e+01 -1.134547022534800054e-04 -2.546755756529812259e-06 3.594894675121329021e-05 -8.983975266225368086e-06
6.718750000000000000e+01 -1.118042418750413332e-04 1.072792706527467971e-05 3.181958940205210917e-05 -1.202176186358813910e-05
6.757812500000000000e+01 -1.053115208858850654e-04 2.217897220422844831e-05 2.666680174887177922e-05 -1.421733370596017960e-05
6.796875000000000000e+01 -9.475853595070776736e-05 3.147158812766086798e-05 2.082447700791408701e-05 -1.555273576098908407e-05
6.835937500000000000e+01 -8.103251390623351924e-05 3.840171383304494777e-05 1.462539832423914200e-05 -1.605090538285157322e-05
6.875000000000000000e+01 -6.507532489145612803e-05 4.289258166563177967e-05 8.386181169407150998e-06 -1.577075362026728522e-05
6.914062500000000000e+01 -4.783533484562126070e-05 4.498580604789790584e-05 2.394380688361657378e-06 -1.480106296563069804e-05
6.953125000000000000e+01 -3.022365971410562180e-05 4.482792430797759211e-05 -3.101849089947369270e-06 -1.325358929275604822e-05
6.992187500000000000e+01 -1.307639625877741324e-05 4.265343721895280098e-05 -7.901309432634725377e-06 -1.125575630666112402e-05
7.031249999999997158e+01 2.876018935603699700e-06 3.876545925223288079e-05 -1.185443868759552578e-05 -8.943314147275764452e-06
7.070312500000000000e+01 1.703160718352983438e-05 3.351509442324658583e-05 -1.486517530969186721e-05 -6.453302046289144563e-06
7.109375000000002842e+01 2.893151559694908531e-05 2.728060777674101364e-05 -1.689018026479536909e-05 -3.917610733388541058e-06
7.148437500000000000e+01 3.826667019296570160e-05 2.044737172992574722e-05 -1.793570221628832881e-05 -1.457386530096297338e-06
7.187500000000000000e+01 4.487688787268304461e-05 1.338943882824841433e-05 -1.805245180404573685e-05 8.215411410293638195e-07
7.226562500000000000e+01 4.874322397407319235e-05 6.453437116775515708e-06 -1.732890996982219822e-05 2.832090584140804085e-06
7.265625000000000000e+01 4.997457061996571359e-05 -5.468906286512642545e-08 -1.588352900313096984e-05 4.508162363529811742e-06
7.304687500000000000e+01 4.878968992128984022e-05 -5.879751805343107207e-06 -1.385629431012479814e-05 5.805683712639458580e-06
7.343750000000000000e+01 4.549596381454336369e-05 -1.082404575288671220e-05 -1.140010147122980794e-05 6.702524336807836464e-06
7.382812500000000000e+01 4.046617092685021733e-05 -1.475073903788081189e-05 -8.672369528843005063e-06 7.197392814896515223e-06
7.421875000000000000e+01 3.411456546012145430e-05 -1.758409556968428683e-05 -5.827260973740580260e-06 7.307861146599575058e-06
7.460937499999997158e+01 2.687344132087932103e-05 -1.930682785793039549e-05 -3.008815463151955777e-06 7.067692889136832288e-06
7.500000000000000000e+01 1.917122621771828739e-05 -1.995498561284381450e-05 -3.452321001673301637e-07 6.523667290107208576e-06
7.539062500000002842e+01 1.141297617125204555e-05 -1.961086219024626466e-05 2.055541598273546294e-06 5.732097959063595701e-06
7.578125000000000000e+01 3.963942477321069635e-06 -1.839444761089553335e-05 4.108832999785965584e-06 4.755240582368030578e-06
7.617187500000000000e+01 -2.863327646015004224e-06 -1.645397398166575931e-05 5.754872570048509550e-06 3.657771093094658484e-06
7.656250000000000000e+01 -8.818107517912822380e-06 -1.395608865945811156e-05 6.959086697665498034e-06 2.503495044458821719e-06
7.695312500000000000e+01 -1.371677837755120449e-05 -1.107615555812156011e-05 7.711172603055635455e-06 1.352422434273579596e-06
7.734375000000000000e+01 -1.744442675425230196e-05 -7.989129623806393021e-06 8.023119391110510729e-06 2.583117538642026173e-07
7.773437500000000000e+01 -1.995305125871652679e-05 -4.861378321507903166e-06 7.926373521441321124e-06 -7.332455299368170754e-07
7.812500000000000000e+01 -2.125680850953264034e-05 -1.843741930819368935e-06 7.468368350500875254e-06 -1.586161706931517659e-06
7.851562500000000000e+01 -2.142482483234904589e-05 9.339634649517536413e-07 6.708646158136454853e-06 -2.274603932041988769e-06
7.890624999999997158e+01 -2.057216259164929700e-05 3.366885405206056225e-06 5.714798013034972507e-06 -2.783181646083500091e-06
7.929687500000000000e+01 -1.884955798373867675e-05 5.377487696807403683e-06 4.558433256701775044e-06 -3.106617153749227644e-06
7.968750000000002842e+01 -1.643254288664734719e-05 6.916365687156811326e-06 3.311367974431940475e-06 -3.248966425849902917e-06
8.007812500000000000e+01 -1.351053032166114887e-05 7.961642014233348552e-06 2.042192515322102664e-06 -3.222472213976028399e-06
8.046875000000000000e+01 -1.027638567825672755e-05 8.517116665242123463e-06 8.133440046898671172e-07 -3.046141172076671094e-06
8.085937500000000000e+01 -6.916929267988120023e-06 8.609387234382280540e-06 -3.212270277110421124e-07 -2.744140935679846918e-06
8.125000000000000000e+01 -3.604725595626051549e-06 8.284182753223799482e-06 -1.317744264953298050e-06 -2.344112328063127637e-06
8.164062500000000000e+01 -4.914166641598050056e-07 7.602167485146627685e-06 -2.143632104449968989e-06 -1.875486564810284473e-06
8.203125000000000000e+01 2.297243822335648389e-06 6.634470429656320889e-06 -2.777899117968260501e-06 -1.367888200369646486e-06
8.242187500000000000e+01 4.664596241155116729e-06 5.458183353849316299e-06 -3.210925795483696166e-06 -8.496924066617693450e-07
8.281250000000000000e+01 6.544552295472197412e-06 4.152046801859585190e-06 -3.443727952961474215e-06 -3.467908694511183387e-07
8.320312499999997158e+01 7.901454972735096061e-06 2.792511898889321609e-06 -3.486785377115365903e-06 1.183949693238633277e-07
8.359375000000000000e+01 8.728498655997084243e-06 1.450328227504266154e-06 -3.358537294784798982e-06 5.276305289994044634e-07
8.398437500000002842e+01 9.044937591348896355e-06 1.877670312375873118e-07 -3.083652105652975178e-06 8.673072681838686626e-07
8.437500000000000000e+01 8.892345359912470770e-06 -9.434531506175014570e-07 -2.691178819839556285e-06 1.128611460331999800e-06
8.476562500000000000e+01 8.330206120335179043e-06 -1.903512412967239831e-06 -2.212682370718549278e-06 1.307442183805934688e-06
8.515625000000000000e+01 7.431120973511173844e-06 -2.665119110612651498e-06 -1.680455207519245681e-06 1.404108511216493882e-06
8.554687500000000000e+01 6.275901331492111934e-06 -3.213468902080532374e-06 -1.125884240708689699e-06 1.422843734463427601e-06
8.593750000000000000e+01 4.948797670628612977e-06 -3.545606786016161638e-06 -5.780363327313048361e-07 1.371179647987469385e-06
8.632812500000000000e+01 3.533078922986210291e-06 -3.669287026501072413e-06 -6.250814372100316207e-08 1.259226431316821243e-06
8.671874999999997158e+01 2.107137650780854798e-06 -3.601440267948612106e-06 3.994317237954875255e-07 1.098903656754184055e-06
8.710937500000000000e+01 7.412517689375786034e-07 -3.366364627676449173e-06 7.913977407916772400e-07 9.031656478925530196e-07
8.749999999999997158e+01 -5.049124235587121312e-07 -2.993758470442393817e-06 1.102145200883655751e-06 6.852601716284337230e-07
8.789062500000000000e+01 -1.584016321651282588e-06 -2.516707556529142187e-06 1.325550417612467169e-06 4.580536681952419083e-07
8.828125000000002842e+01 -2.461986822632766803e-06 -1.969729189970660654e-06 1.460344741775060351e-06 2.334493576460188596e-07
8.867187500000000000e+01 -3.118215937181201269e-06 -1.386961916930579131e-06 1.509642608733818836e-06 2.191706643213039984e-08
8.906250000000000000e+01 -3.545093630208384639e-06 -8.005723752639581914e-07 1.480309685808131603e-06 -1.678540587600474421e-07
8.945312500000000000e+01 -3.746969679412071041e-06 -2.394322399373871590e-07 1.382220084214166866e-06 -3.291762285207930350e-07
8.984375000000000000e+01 -3.738657267384273841e-06 2.719010224888629423e-07 1.227451690318306921e-06 -4.574602127469656887e-07
9.023437500000000000e+01 -3.543600494886403607e-06 7.138846421922417917e-07 1.029466248508598830e-06 -5.501981690221938170e-07
9.062500000000000000e+01 -3.191830389159713670e-06 1.072374718812801886e-06 8.023162840239787819e-07 -6.068460617868198792e-07
9.101562499999997158e+01 -2.717829963848686359e-06 1.338711795841052155e-06 5.599147511262114740e-07 -6.286232518094500565e-07
9.140625000000000000e+01 -2.158419410293321850e-06 1.509538162986628906e-06 3.153959319320692734e-07 -6.182491400046064012e-07
9.179687500000002842e+01 -1.550758678262043055e-06 1.586386805370321174e-06 8.058810624204937323e-08 -5.796377552831633029e-07
9.218750000000000000e+01 -9.305477534776729343e-07 1.575088337785190973e-06 -1.343896431083013709e-07 -5.175709610148043760e-07
9.257812500000000000e+01 -3.304860973357692799e-07 1.485045542218288439e-06 -3.214019796363848380e-07 -4.373696545056232621e-07
9.296875000000000000e+01 2.209668235678141635e-07 1.328425460547962011e-06 -4.744458709671911523e-07 -3.445801282503380136e-07
9.335937500000000000e+01 7.005071373661353462e-07 1.119316718315149090e-06 -5.896819679947207238e-07 -2.446898623577158094e-07
9.375000000000000000e+01 1.090573332411526319e-06 8.728953073541476093e-07 -6.653625463995394007e-07 -1.428836534792324309e-07
9.414062500000000000e+01 1.379614962930542088e-06 6.046359460349509662e-07 -7.016733134159597318e-07 -4.384739048235442027e-08
9.453125000000000000e+01 1.562067184761317673e-06 3.295989116740283276e-07 -7.005085311782843771e-07 4.837681414552978676e-08
9.492187500000000000e+01 1.638065176581132709e-06 6.181444648853395840e-08 -6.651996832234691182e-07 1.304838298261251639e-07
9.531249999999997158e+01 1.612939597571416694e-06 -1.862210058795055190e-07 -6.002174248627423214e-07 1.999497685470016939e-07
9.570312500000000000e+01 1.496538327998633844e-06 -4.039299127504836218e-07 -5.108649876964937997e-07 2.550325277775669641e-07
9.609375000000002842e+01 1.302421075654713184e-06 -5.829199400259055253e-07 -4.029787758312586288e-07 2.947357356604049516e-07
9.648437500000000000e+01 1.046972371285259662e-06 -7.171368099079256098e-07 -2.826488491982151463e-07 3.187444391917343411e-07
9.687500000000000000e+01 7.484754859787834391e-07 -8.029134286810513110e-07 -1.559686046170329077e-07 3.273414123945023180e-07
9.726562500000000000e+01 4.261853914916402530e-07 -8.389279433362872851e-07 -2.881950056680612771e-08 3.213128415523180959e-07
9.765625000000000000e+01 9.943358003638991249e-08 -8.260850154137577839e-07 9.330662835167063962e-08 3.018514350035250704e-07
9.804687500000000000e+01 -2.132081388245277154e-07 -7.673350092829434033e-07 2.054480440164679900e-07 2.704638020385730091e-07
9.843750000000000000e+01 -4.946833940533412743e-07 -6.674451603905229291e-07 3.032791172988269501e-07 2.288873709177519089e-07
9.882812500000000000e+01 -7.301103290002775026e-07 -5.327353569950510348e-07 3.831863438427673962e-07 1.790203064053197402e-07
9.921875000000000000e+01 -9.073323273267597244e-07 -3.707892089338526986e-07 4.423198075725887080e-07 1.228659871916476520e-07
9.960937499999997158e+01 -1.017352464730003625e-06 -1.901488795620631667e-07 4.786257813693683971e-07 6.249175668257556104e-08
