-1.000000000000000000e+02 1.376419215277924213e-06 -2.004393532882352175e-16 -6.450338414717982083e-07 2.551948521689784830e-17
-9.960937500000000000e+01 1.327412178786513408e-06 -2.498668854704344522e-07 -6.289280697346910642e-07 8.223023216231799271e-08
-9.921875000000000000e+01 1.182841723401661937e-06 -4.872217017372337811e-07 -5.811525866684930097e-07 1.616876815564889658e-07
-9.882812500000000000e+01 9.499771763260556057e-07 -6.999752486733235024e-07 -5.033294845323277311e-07 2.356175386004563665e-07
-9.843750000000000000e+01 6.406591699786856609e-07 -8.768812388947055947e-07 -3.981496415790541921e-07 3.013073444800215550e-07
-9.804687500000000000e+01 2.708893378708387978e-07 -1.007949724775303313e-06 -2.693495219190100709e-07 3.561235194914774693e-07
-9.765625000000000000e+01 -1.397393128588914069e-07 -1.084848276634853281e-06 -1.216705788655014775e-07 3.975645152583945352e-07
-9.726562500000000000e+01 -5.687650673994598671e-07 -1.101282767868028145e-06 3.920581997246541661e-08 4.233332627154307026e-07
-9.687500000000000000e+01 -9.917231791299607746e-07 -1.053346706109126174e-06 2.067556509966275713e-07 4.314293806147867505e-07
-9.648437500000000000e+01 -1.383139620565743133e-06 -9.398250658612661290e-07 3.737490880809709454e-07 4.202591501207414426e-07
-9.609375000000000000e+01 -1.717631947964481931e-06 -7.624358995747537726e-07 5.324330883066732967e-07 3.887587265334613296e-07
-9.570312500000000000e+01 -1.971089369792733414e-06 -5.259910149588153949e-07 6.747635981751293199e-07 3.365236370955759782e-07
-9.531250000000000000e+01 -2.121896576737225537e-06 -2.384560745874453325e-07 7.926881266488716715e-07 2.639354966735285579e-07
-9.492187500000000000e+01 -2.152158256010783255e-06 8.910908131168349122e-08 8.784755519061770990e-07 1.722752412704198210e-07
-9.453125000000000000e+01 -2.048874060273098152e-06 4.427470176662784418e-07 9.250856334089285760e-07 6.381119612916541506e-08
-9.414062500000000000e+01 -1.805007804001057536e-06 8.059494793367233401e-07 9.265660700814859485e-07 -5.814991014792617041e-08
-9.375000000000000000e+01 -1.420390512152369666e-06 1.160161998873133343e-06 8.784604017021691025e-07 -1.892602097734410365e-07
-9.335937500000000000e+01 -9.023953468356715746e-07 1.485446631369763404e-06 7.782059440047950361e-07 -3.241858877929028326e-07
-9.296875000000000000e+01 -2.663239984657117532e-07 1.761294302848881443e-06 6.254976333830430946e-07 -4.567274778169427840e-07
-9.257812500000000000e+01 4.645506412603861435e-07 1.967568367042954458e-06 4.225914734604097056e-07 -5.800091351093605851e-07
-9.218750000000000000e+01 1.259331481040515399e-06 2.085550490860121897e-06 1.745205248128434139e-07 -6.867367573163557504e-07
-9.179687500000000000e+01 2.080266531381824713e-06 2.099049541667841190e-06 -1.108027008964174165e-07 -7.695203018513729898e-07
-9.140625000000000000e+01 2.883955830229600892e-06 1.995524414641347555e-06 -4.226208302664583027e-07 -8.212508416718944382e-07
-9.101562500000000000e+01 3.622990475821152856e-06 1.767163447949360311e-06 -7.475219482495389089e-07 -8.355180799359679389e-07
-9.062500000000000000e+01 4.247994568759572154e-06 1.411856957761470355e-06 -1.069797918365738426e-06 -8.070495087168089166e-07
-9.023437500000000000e+01 4.710015335387257585e-06 9.339961724447176650e-07 -1.371974829102000359e-06 -7.321484594841054516e-07
-8.984375000000000000e+01 4.963180559655958057e-06 3.450320536640960611e-07 -1.635510178678648008e-06 -6.091052622940462680e-07
-8.945312500000000000e+01 4.967517143780741939e-06 -3.362683817093037320e-07 -1.841640936712379828e-06 -4.385538919489742615e-07
-8.906250000000000000e+01 4.691801733822803522e-06 -1.083922301008816147e-06 -1.972355702883205053e-06 -2.237460780848792019e-07
-8.867187500000000000e+01 4.116295548823450945e-06 -1.865229341022067722e-06 -2.011453419756281669e-06 2.928392227948169169e-08
-8.828125000000000000e+01 3.235202471175979699e-06 -2.641692776333970372e-06 -1.945641147364091106e-06 3.116877359666094319e-07
-8.789062500000000000e+01 2.058683604415356694e-06 -3.370368147084801258e-06 -1.765614955726024782e-06 6.119236048876368350e-07
-8.750000000000000000e+01 6.142641597595144276e-07 -4.005620760457427598e-06 -1.467061711573139360e-06 9.160421860074027811e-07
-8.710937500000000000e+01 -1.052519351125991154e-06 -4.501248394007907258e-06 -1.051516050865411445e-06 1.208142285640673164e-06
-8.671875000000000000e+01 -2.878361540892271364e-06 -4.812899714215328195e-06 -5.270066699165215640e-07 1.470992300391972540e-06
-8.632812500000000000e+01 -4.783418010398388098e-06 -4.900693765784794320e-06 9.157036248881589291e-08 1.686803218444755947e-06
-8.593750000000000000e+01 -6.673578915594724492e-06 -4.731922891468981485e-06 7.824060406468047457e-07 1.838128761253929322e-06
-8.554687500000000000e+01 -8.443792637723157579e-06 -4.283702171245518109e-06 1.517103849072928834e-06 1.908858157940659939e-06
-8.515625000000000000e+01 -9.982389543413544564e-06 -3.545414453316048098e-06 2.261404090948566231e-06 1.885257729503618529e-06
-8.476562500000000000e+01 -1.117629519254564885e-05 -2.520792703394891809e-06 2.976316304881179015e-06 1.757009524225826291e-06
-8.437500000000000000e+01 -1.191696035533762466e-05 -1.229481924647918278e-06 3.619647500653362226e-06 1.518189284231349911e-06
-8.398437500000000000e+01 -1.210677510062431808e-05 2.920677982277963824e-07 4.147890636268646708e-06 1.168122587121185607e-06
-8.359375000000000000e+01 -1.166567955508852894e-05 1.990506981918577223e-06 4.518413679506678993e-06 7.120575675392121218e-07
-8.320312500000000000e+01 -1.053763836946983168e-05 3.796393055428837204e-06 4.691865992773394667e-06 1.615955410880567933e-07
-8.281250000000000000e+01 -8.696613043607942517e-06 5.625962341045814830e-06 4.634697008521967976e-06 -4.651726572416428618e-07
-8.242187500000000000e+01 -6.151649365872952080e-06 7.383887971536273742e-06 4.321663633882061317e-06 -1.143866702308770494e-06
-8.203125000000000000e+01 -2.950699118084432193e-06 8.966992857128985861e-06 3.738188927529528804e-06 -1.844381684622036985e-06
-8.164062500000000000e+01 8.171820050570377525e-07 1.026883135240175965e-05 2.882426620783029581e-06 -2.531829717943067173e-06
-8.125000000000000000e+01 5.021573417224312053e-06 1.118499603820018087e-05 1.766885119561245610e-06 -3.167850846605077542e-06
-8.085937500000000000e+01 9.492611627491542858e-06 1.161894995064258543e-05 4.194715733756015918e-07 -3.712264853067762105e-06
-8.046875000000000000e+01 1.402525292178852245e-05 1.148813284984444294e-05 -1.116168058501801341e-06 -4.125013756694356770e-06
-8.007812500000000000e+01 1.838592734966504327e-05 1.073004603967774029e-05 -2.781113170318046113e-06 -4.368323285579116255e-06
-7.968750000000000000e+01 2.232151231788825907e-05 9.307987091798988755e-06 -4.502505140368748271e-06 -4.408991614435545103e-06
-7.929687500000000000e+01 2.557042146573637598e-05 7.216086627924445107e-06 -6.195785372932992308e-06 -4.220696463988135583e-06
-7.890625000000000000e+01 2.787546752825928453e-05 4.483296679987439082e-06 -7.767818434565448849e-06 -3.786198504085978855e-06
-7.851562500000000000e+01 2.899802346985336232e-05 1.175996072803192627e-06 -9.120834549910671225e-06 -3.099311055499830853e-06
-7.812500000000000000e+01 2.873288179953015914e-05 -2.601086043670097769e-06 -1.015707438171780351e-05 -2.166504335953702010e-06
-7.773437500000000000e+01 2.692310546666479287e-05 -6.705871687055081631e-06 -1.078396833260842833e-05 -1.008017691416299155e-06
-7.734375000000000000e+01 2.347408277585680617e-05 -1.096202881901466031e-05 -1.091963538178567297e-05 3.416341697324090654e-07
-7.695312500000000000e+01 1.836595052421945151e-05 -1.516423545153307295e-05 -1.049844561731329284e-05 1.833854895312873531e-06
-7.656250000000000000e+01 1.166354024886677443e-05 -1.908558267022398419e-05 -9.476359003067306996e-06 3.406926970883801531e-06
-7.617187500000000000e+01 3.523036868678317002e-06 -2.248696959008134738e-05 -7.835733176648172760e-06 4.987772259659674530e-06
-7.578125000000000000e+01 -5.805379903828233878e-06 -2.512822167336078646e-05 -5.589287485733424043e-06 6.494507168386398632e-06
-7.539062500000000000e+01 -1.597951238735580148e-05 -2.678054312926845919e-05 -2.782920783778002061e-06 7.839744598955021050e-06
-7.500000000000000000e+01 -2.657216644477884693e-05 -2.723980072867482750e-05 5.028921934695923524e-07 8.934550612358163613e-06
-7.460937500000000000e+01 -3.708342781178798619e-05 -2.634003702608610394e-05 4.153356453220468508e-06 9.692919779066225955e-06
-7.421875000000000000e+01 -4.695815207374914868e-05 -2.396653236374926901e-05 8.021433612877791608e-06 1.003659178850898129e-05
-7.382812500000000000e+01 -5.560835020059808065e-05 -2.006768342665329191e-05 1.193183261386648875e-05 9.899995381779016362e-06
-7.343750000000000000e+01 -6.243986065990539402e-05 -1.466494706296554706e-05 1.568691732356129395e-05 9.235076367889241689e-06
-7.304687500000000000e+01 -6.688240789936607256e-05 -7.860116026691885138e-06 1.907443482228278128e-05 8.015746566803708811e-06
-7.265625000000000000e+01 -6.842187051217182847e-05 1.607487488302153378e-07 2.187686330291211366e-05 6.241681940774177970e-06
-7.226562500000000000e+01 -6.663333661251213957e-05 9.127305486515691069e-06 2.388207277259548483e-05 3.941202544143276865e-06
-7.187500000000000000e+01 -6.121332492347924745e-05 1.868927478173524476e-05 2.489489044337704193e-05 1.172985418363683627e-06
-7.148437500000000000e+01 -5.200941319797626472e-05 2.842539731503796602e-05 2.474907149439039417e-05 -1.973605178111348391e-06
-7.109375000000000000e+01 -3.904545469979314731e-05 3.785705431061468090e-05 2.331910057252811405e-05 -5.379737788705363927e-06
-7.070312500000000000e+01 -2.254058998648125756e-05 4.646636323033057764e-05 2.053119561899090575e-05 -8.899989559748308979e-06
-7.031250000000000000e+01 -2.920383297824041824e-06 5.371830949034948899e-05 1.637285856762949257e-05 -1.236690884149856985e-05
-6.992187500000000000e+01 1.918136546674720222e-05 5.908621867863018615e-05 1.090032157976964303e-05 -1.559721106044430206e-05
-6.953125000000000000e+01 4.293126157246633656e-05 6.207962569791561185e-05 4.243276058195095263e-06 -1.839946307707744123e-05
-6.914062500000000000e+01 6.731612380253201855e-05 6.227337132927121023e-05 -3.393653446410668795e-06 -2.058301744025032350e-05
-6.875000000000000000e+01 9.117417979315027565e-05 5.933656715908429370e-05 -1.173311709856640281e-05 -2.196786648537240021e-05
-6.835937500000000000e+01 1.132373078646508463e-04 5.305993052327046509e-05 -2.043121045090627586e-05 -2.239500250292053747e-05
-6.796875000000000000e+01 1.321833824257621914e-04 4.337991480037398095e-05 -2.908771307030344824e-05 -2.173679985728463673e-05
-6.757812500000000000e+01 1.466971618553965934e-04 3.039805769370794095e-05 -3.726030039804617902e-05 -1.990688345895473728e-05
-6.718750000000000000e+01 1.555375542446882017e-04 1.439404887306535569e-05 -4.448241865748214785e-05 -1.686892033026443291e-05
-6.679687500000000000e+01 1.576085402622984938e-04 -4.168817330209295680e-06 -5.028429166639616227e-05 -1.264377112255091196e-05
-6.640625000000000000e+01 1.520305572577755615e-04 -2.464688861669901698e-05 -5.421631337512809040e-05 -7.314468933976520440e-06
-6.601562500000000000e+01 1.382087871968362691e-04 -4.622885450134266855e-05 -5.587388293531981263e-05 -1.028554548122189230e-06
-6.562500000000000000e+01 1.158945730405573464e-04 -6.795825067958637111e-05 -5.492257220064060246e-05 6.002610703833601014e-06
-6.523437500000000000e+01 8.523613905581442496e-05 -8.876565981703107150e-05 -5.112239010986760306e-05 1.350781372977784625e-05
-6.484375000000000000e+01 4.681492929742292475e-05 -1.075100016761166080e-04 -4.434983427460507943e-05 2.116335704169898177e-05
-6.445312500000000000e+01 1.664216342213420408e-06 -1.230277889391097335e-04 -3.461640505572258740e-05 2.860378253995198364e-05
-6.406250000000000000e+01 -4.873282848760936148e-05 -1.341887150883448038e-04 -2.208230664783959046e-05 3.543574080715292812e-05
-6.367187500000000711e+01 -1.024676792431306743e-04 -1.399554629147418960e-04 -7.064175497870344572e-06 4.125462418761859269e-05
-6.328125000000000000e+01 -1.572547805972299845e-04 -1.394452026117422479e-04 9.964141925688976137e-06 4.566341666513602793e-05
-6.289062500000000000e+01 -2.105037635317559552e-04 -1.319899120980177728e-04 2.837849601960464041e-05 4.829306106552896938e-05
-6.250000000000000000e+01 -2.594144920067403826e-04 -1.171924223838933903e-04 4.741945963090618554e-05 4.882351097204606395e-05
-6.210937500000000000e+01 -3.010926467623461361e-04 -9.497498769327422999e-05 6.621555915146612459e-05 4.700452679146712321e-05
-6.171875000000000000e+01 -3.326823052285741295e-04 -6.561722008156106734e-05 8.381441431025860728e-05 4.267519786052705565e-05
-6.132812499999999289e+01 -3.515107749338950219e-04 -2.978042322206164716e-05 9.922108266312897745e-05 3.578113016027066563e-05
-6.093750000000000000e+01 -3.552398437548188667e-04 1.148428373347332165e-05 1.114424887053910504e-04 2.638823682271000757e-05
-6.054687500000000000e+01 -3.420166871144019426e-04 5.674614347689690974e-05 1.195364091059738718e-04 1.469211096003582469e-05
-6.015625000000000000e+01 -3.106169819033972358e-04 1.042246573868688825e-04 1.226631032014064739e-04 1.022052256578667023e-06
-5.976562500000000000e+01 -2.605723775496119471e-04 1.518398063148351795e-04 1.201373418558407055e-04 -1.416103525690368126e-05
-5.937499999999999289e+01 -1.922744172962384535e-04 1.972822671375950437e-04 1.114783199272508483e-04 -3.027345337790329424e-05
-5.898437500000000000e+01 -1.070473279502007213e-04 2.381022766831403931e-04 9.645476064692564940e-05 -4.662454492825474778e-05
-5.859375000000000000e+01 -7.182830837601517082e-06 2.718147267525335836e-04 7.512245676427522362e-05 -6.243955290259574006e-05
-5.820312500000000000e+01 1.040687201265197426e-04 2.960170068612641425e-04 4.785156393683062323e-05 -7.688913589706672727e-05
-5.781250000000000000e+01 2.225550064687657759e-04 3.085151007708323082e-04 1.534118299736410285e-05 -8.912477093364710307e-05
-5.742187500000000711e+01 3.433284177886720967e-04 3.074525498324258421e-04 -2.138085087718955002e-05 -9.831885956112715319e-05
-5.703125000000000000e+01 4.608026771436603275e-04 2.914361836391324984e-04 -6.097451202436744710e-05 -1.037079507475251704e-04
-5.664062500000000000e+01 5.689568839269409928e-04 2.596520474699287855e-04 -1.018213095011774941e-04 -1.046371362128554290e-04
-5.625000000000000000e+01 6.615818277279465753e-04 2.119647806861526380e-04 -1.420752247255517228e-04 -1.006033941548530692e-04
-5.585937500000000000e+01 7.325608118058310470e-04 1.489938628753892380e-04 -1.797299867144176375e-04 -9.129548785840864520e-05
-5.546875000000000000e+01 7.761747439554052275e-04 7.216067065006839809e-05 -2.127008639014431324e-04 -7.662799275981316879e-05
-5.507812499999999289e+01 7.874190493478809560e-04 -1.629881759012286740e-05 -2.389182220301376211e-04 -5.676714564497448157e-05
-5.468750000000000000e+01 7.623181754401551352e-04 -1.133595873030789417e-04 -2.564292457235962767e-04 -3.214648617566920850e-05
-5.429687500000000000e+01 6.982222224912824210e-04 -2.152737900350514683e-04 -2.635035063650102531e-04 -3.470682288520812384e-06
-5.390625000000000000e+01 5.940696530415592175e-04 -3.176781523065658544e-04 -2.587375327601955377e-04 2.829352921192122838e-05
-5.351562500000000000e+01 4.506001896794169237e-04 -4.157412030626490146e-04 -2.411532426973146378e-04 6.193973627769723544e-05
-5.312500000000000711e+01 2.705029477944142884e-04 -5.043469052746860776e-04 -2.102850450076269081e-04 9.605737714668007542e-05
-5.273437500000000000e+01 5.848657614846461232e-05 -5.783092816164635969e-04 -1.662506261178458861e-04 1.290795603286236035e-04
-5.234375000000000000e+01 -1.787393379912143596e-04 -6.326107554774761804e-04 -1.098008769972636141e-04 1.593417671797664557e-04
-5.195312500000000000e+01 -4.325791677690297814e-04 -6.626552741534419769e-04 -4.234506530150037446e-05 1.851495439826294619e-04
-5.156250000000000000e+01 -6.927662514370576310e-04 -6.645259140985113055e-04 3.405182666455538847e-05 2.048529180214475663e-04
-5.117187500000000711e+01 -9.476775693819635207e-04 -6.352356455101490756e-04 1.167017371657844485e-04 2.169250045455497556e-04
-5.078125000000000000e+01 -1.184743099576232930e-03 -5.729592963729266894e-04 2.023572445993159679e-04 2.200420861959790297e-04
-5.039062500000000000e+01 -1.390940128317976702e-03 -4.772345331482856566e-04 2.873063926705241109e-04 2.131623073632843228e-04
-5.000000000000000000e+01 -1.553358061299269389e-03 -3.491198883183303553e-04 3.674975005958036286e-04 1.955999924455253600e-04
-4.960937500000000000e+01 -1.659814719922026198e-03 -1.912985347703553959e-04 4.386916391768985344e-04 1.670924358813937285e-04
-4.921875000000000000e+01 -1.699500902435596142e-03 -8.117658298936389349e-06 4.966391841581169241e-04 1.278558103113284139e-04
-4.882812500000000000e+01 -1.663626332779490676e-03 1.944450571831663095e-04 5.372755047024667038e-04 7.862661618669155791e-05
-4.843750000000000000e+01 -1.546037218508675018e-03 4.088941084933164685e-04 5.569294086217959662e-04 2.068490900752672839e-05
-4.804687500000000000e+01 -1.343773711612064343e-03 6.264115115479020231e-04 5.525364786456288388e-04 -4.414451577342194026e-05
-4.765625000000000000e+01 -1.057534838416884478e-03 8.371349337447241308e-04 5.218479699906947329e-04 -1.135166027819915595e-04
-4.726562500000000000e+01 -6.920191589092346100e-04 1.030514846005033559e-03 4.636246233527486420e-04 -1.846192236504512561e-04
-4.687500000000000000e+01 -2.561117303240137769e-04 1.195742553400741537e-03 3.778037513764097820e-04 -2.542570398982783950e-04
-4.648437500000000000e+01 2.371079658794114642e-04 1.322236303148648616e-03 2.656274862150248897e-04 -3.189663891263779926e-04
-4.609375000000000000e+01 7.705565514761376911e-04 1.400167962333775939e-03 1.297203435218983710e-04 -3.751593962873368392e-04
-4.570312500000000000e+01 1.323547432540789215e-03 1.421008330828490984e-03 -2.589455228541384657e-05 -4.192929676137590114e-04
-4.531250000000000000e+01 1.872404002035527384e-03 1.378065392800565010e-03 -1.958490110796941297e-04 -4.480556103195021227e-04
-4.492187500000000000e+01 2.391277127686223386e-03 1.266987123136373728e-03 -3.735582487780450024e-04 -4.585624497569860264e-04
-4.453125000000000000e+01 2.853147309116666613e-03 1.086199240804800511e-03 -5.514252607798806813e-04 -4.485467472110651280e-04
-4.414062500000000000e+01 3.230980368317103862e-03 8.372488507611399941e-04 -7.211172309707948591e-04 -4.165350080946245755e-04
-4.375000000000000000e+01 3.498994610906386304e-03 5.250274209568307673e-04 -8.739050119104087647e-04 -3.619926950597302569e-04
-4.335937500000000000e+01 3.633987834095367409e-03 1.578510108387913211e-04 -1.001051834536815718e-03 -2.854287802868363429e-04
-4.296875000000000000e+01 3.616665098463700545e-03 -2.526180835951629365e-04 -1.094233259007934903e-03 -1.884498747754558869e-04
-4.257812500000000000e+01 3.432903451348001678e-03 -6.916164550729141797e-04 -1.145967431222689407e-03 -7.375826281761136381e-05
-4.218750000000000000e+01 3.074888234918606716e-03 -1.141691163222205083e-03 -1.150033319167673151e-03 5.490752535992340574e-05
-4.179687500000000000e+01 2.542057441689990482e-03 -1.583268737952756716e-03 -1.101854952696442336e-03 1.928864598665178814e-04
-4.140625000000000000e+01 1.841795741357510341e-03 -1.995364344848786151e-03 -9.988317468986557084e-04 3.347558027348724458e-04
-4.101562500000000000e+01 9.898279850242813066e-04 -2.356406711464698045e-03 -8.405984897724985087e-04 4.745285005079168984e-04
-4.062500000000000000e+01 1.027266801597280510e-05 -2.645148850640809471e-03 -6.292030444960286604e-04 6.058750119966550482e-04
-4.023437500000000000e+01 -1.064671673319162251e-03 -2.841630888009037334e-03 -3.691946214415512025e-04 7.223574424959555360e-04
-3.984375000000000000e+01 -2.195420566264163608e-03 -2.928159399400222587e-03 -6.761990884017118897e-05 8.176657019001764073e-04
-3.945312500000000000e+01 -3.336077627148463162e-03 -2.890267311563516489e-03 2.660722518759350494e-04 8.858487930019465044e-04
-3.906250000000000000e+01 -4.435873995706218764e-03 -2.717619107074277507e-03 6.202150949771471564e-04 9.215386634655823445e-04
-3.867187500000000000e+01 -5.440945102445650036e-03 -2.404827152895931165e-03 9.811943770594031347e-04 9.201684102051867296e-04
-3.828125000000000000e+01 -6.296403519209082741e-03 -1.952145791533151271e-03 1.333803746146455978e-03 8.781898911808425860e-04
-3.789062500000000000e+01 -6.948653655464343340e-03 -1.366009910457268665e-03 1.661686003467978401e-03 7.932968260855725352e-04
-3.750000000000000000e+01 -7.347880929499518363e-03 -6.593838951036427214e-04 1.947863296730523164e-03 6.646573064877877614e-04
-3.710937500000000000e+01 -7.450634466361027303e-03 1.481144908709767583e-04 2.175359798339947942e-03 4.931538158820035316e-04
-3.671875000000000000e+01 -7.222408292635857860e-03 1.030351782337905926e-03 2.327917976776938940e-03 2.816196408841654952e-04
-3.632812500000000000e+01 -6.640111799771109338e-03 1.955113833052525910e-03 2.390803032796927005e-03 3.504909938388880986e-05
-3.593750000000000000e+01 -5.694306936462271984e-03 2.884869821497240000e-03 2.351678948512789854e-03 -2.392526043729749710e-04
-3.554687500000001421e+01 -4.391078858296740620e-03 3.777887555476880377e-03 2.201524349492686803e-03 -5.316230879712331107e-04
-3.515624999999998579e+01 -2.753400915436849186e-03 4.589706541711369159e-03 1.935538620907289661e-03 -8.301466190741011494e-04
-3.476562500000000000e+01 -8.218565715295902963e-04 5.274952441045934436e-03 1.553971182080255732e-03 -1.120949757380049943e-03
-3.437500000000000000e+01 1.345407250304262413e-03 5.789447446272484761e-03 1.062793052459517010e-03 -1.388715986383563371e-03
-3.398437500000000000e+01 3.673596752630543284e-03 6.092538008346186362e-03 4.741235974354478071e-04 -1.617422732756418130e-03
-3.359375000000000000e+01 6.073121837344262405e-03 6.149527793894538769e-03 -1.936701832432022492e-04 -1.791273669604575907e-03
-3.320312500000000000e+01 8.442394975317920811e-03 5.934074378741751622e-03 -9.162674670010768213e-04 -1.895766481723559164e-03
-3.281250000000000000e+01 1.067153307125829308e-02 5.430387887290138126e-03 -1.664116880268576987e-03 -1.918807080466434318e-03
-3.242187500000000000e+01 1.264685199189623070e-02 4.635062955348793687e-03 -2.403586553999290543e-03 -1.851761406107121184e-03
-3.203125000000000000e+01 1.425597886938901812e-02 3.558384994368205337e-03 -3.098494096544897759e-03 -1.690330018291262689e-03
-3.164062500000001421e+01 1.539334987670902717e-02 2.224978644881481400e-03 -3.711926239004598171e-03 -1.435140913733346478e-03
-3.125000000000001421e+01 1.596581743598537648e-02 6.737089709506492762e-04 -4.208221646554096557e-03 -1.091981888974298803e-03
-3.085937499999998579e+01 1.589806622589218926e-02 -1.043199543023598172e-03 -4.554966818806240395e-03 -6.716321667308235068e-04
-3.046875000000000000e+01 1.513753544595495930e-02 -2.861800572955955965e-03 -4.724848096553335014e-03 -1.892990110620065402e-04
-3.007812500000000000e+01 1.365856660401043761e-02 -4.708734831733575252e-03 -4.697214415902782603e-03 3.362870525809020898e-04
-2.968750000000000000e+01 1.146553984942404181e-02 -6.504073431097240343e-03 -4.459235211836762303e-03 8.840207543860517918e-04
-2.929687500000000000e+01 8.594823070625970049e-03 -8.164522172415995122e-03 -4.006583203361077303e-03 1.431681871438297577e-03
-2.890625000000000000e+01 5.115429752873181662e-03 -9.606796494713682258e-03 -3.343628085795602792e-03 1.957153326697225366e-03
-2.851562500000000000e+01 1.128355444345941275e-03 -1.075098319069930398e-02 -2.483187878925777192e-03 2.439443219535613119e-03
-2.812500000000000000e+01 -3.235370554015600322e-03 -1.152373464309045838e-02 -1.445941527248007256e-03 2.859378263356623928e-03
-2.773437500000000000e+01 -7.817830528037332180e-03 -1.186119086697538794e-02 -2.596496666401283335e-04 3.199883723174905964e-03
-2.734375000000001421e+01 -1.243844395762560770e-02 -1.171158681242405464e-02 1.041649786363594210e-03 3.445837534693708785e-03
-2.695312499999998579e+01 -1.689915263145173180e-02 -1.103756618253784461e-02 2.418317201267529675e-03 3.583577989751473170e-03
-2.656250000000000000e+01 -2.099046352847889346e-02 -9.818274616822976475e-03 3.825554259050989968e-03 3.600243077975533515e-03
-2.617187500000000000e+01 -2.449828209252613229e-02 -8.051329651080844918e-03 5.213598093863448107e-03 3.483206957961281457e-03
-2.578125000000000000e+01 -2.721150502118749315e-02 -5.754749351492310060e-03 6.527765816436527369e-03 3.219932290813450147e-03
-2.539062500000000000e+01 -2.893036290291734619e-02 -2.968858110446880375e-03 7.708574537082036986e-03 2.798552587147194303e-03
-2.500000000000000000e+01 -2.947549010269744085e-02 2.419222657399133021e-04 8.692271487085900805e-03 2.209416955349963706e-03
-2.460937500000000000e+01 -2.869763592565863913e-02 3.787632765231155330e-03 9.412169697150335468e-03 1.447662375544049151e-03
-2.421875000000000000e+01 -2.648780840739609066e-02 7.552078940897556311e-03 9.801164752173548503e-03 5.166356997675597505e-04
-2.382812500000000000e+01 -2.278746344093440443e-02 1.139339050721022498e-02 9.795683616360319895e-03 -5.682971507696865003e-04
-2.343750000000000000e+01 -1.759813643048145637e-02 1.514641066286981017e-02 9.341081907042646931e-03 -1.776284393721578063e-03
-2.304687500000001421e+01 -1.098969678623545193e-02 1.862743256599087502e-02 8.398183129460721694e-03 -3.058764419884662036e-03
-2.265624999999998579e+01 -3.106235923576907386e-03 2.164161078382353942e-02 6.950295891799162726e-03 -4.349379376606463468e-03
-2.226562500000000000e+01 5.831469486122325269e-03 2.399305238122167311e-02 5.009733906806148121e-03 -5.566684582316780427e-03
-2.187500000000000000e+01 1.552789914621013727e-02 2.549717166115487987e-02 2.622690577940424254e-03 -6.619847409345212125e-03
-2.148437500000000000e+01 2.561986521526823588e-02 2.599444431388792803e-02 -1.286385912094188070e-04 -7.416915741237399204e-03
-2.109375000000000000e+01 3.568903612401438941e-02 2.536431255476432473e-02 -3.127505902281246721e-03 -7.874623520790362957e-03
-2.070312500000000000e+01 4.527968270072688095e-02 2.353776387852755253e-02 -6.227957491356484257e-03 -7.928268925780683485e-03
-2.031250000000000000e+01 5.392083446325738466e-02 2.050709638177752869e-02 -9.263794117834449338e-03 -7.540092436054388753e-03
-1.992187500000000000e+01 6.115148976956362448e-02 1.633160917601165357e-02 -1.206028999173914054e-02 -6.704839156023781332e-03
-1.953125000000000000e+01 6.654710801283013344e-02 1.113837913788969999e-02 -1.444739703726653432e-02 -5.451724480623341279e-03
-1.914062500000001421e+01 6.974538769984417463e-02 5.117825942811047440e-03 -1.627297985801853808e-02 -3.842649127922641294e-03
-1.874999999999998579e+01 7.046932891483238814e-02 -1.485667060978375104e-03 -1.741467419086052681e-02 -1.967029451927031301e-03
-1.835937499999998579e+01 6.854578599804403427e-02 -8.387295856951703515e-03 -1.778917013255573720e-02 6.609553478275687934e-05
-1.796875000000000000e+01 6.391810560535610142e-02 -1.527834787821566107e-02 -1.735800242437120916e-02 2.137928563497280832e-03
-1.757812500000000000e+01 5.665197452191536587e-02 -2.184418780221641931e-02 -1.612922719393637683e-02 4.130977966424565460e-03
-1.718750000000000000e+01 4.693422527370089831e-02 -2.778203990657421643e-02 -1.415468261771851352e-02 5.940439208763040324e-03
-1.679687500000000000e+01 3.506501646450601445e-02 -3.281684493106812317e-02 -1.152292386859910499e-02 7.484738461879642500e-03
-1.640625000000000000e+01 2.144445818429151218e-02 -3.671360195974495561e-02 -8.348444338741626766e-03 8.713723827299676289e-03
-1.601562500000000000e+01 6.555311240340477852e-03 -3.928496786343661784e-02 -4.758439942106149761e-03 9.612760456558289146e-03
-1.562500000000000000e+01 -9.056244752805326509e-03 -4.039351006229680019e-02 -8.790410115516012575e-04 1.020113547498992940e-02
-1.523437500000000000e+01 -2.479970473954588861e-02 -3.994886790482078676e-02 3.176556473343103947e-03 1.052386287337982868e-02
-1.484375000000001421e+01 -4.005741502140186538e-02 -3.790106975398625094e-02 7.315491879631231056e-03 1.063716986548190503e-02
-1.445312499999998579e+01 -5.419873219996571706e-02 -3.423219790063312951e-02 1.146600010958432475e-02 1.058943177560561083e-02
-1.406250000000000000e+01 -6.659106375139160761e-02 -2.894926914684823813e-02 1.557033972849617559e-02 1.040078265629694118e-02
-1.367187500000000000e+01 -7.660886567772512423e-02 -2.208138665199237821e-02 1.957019175632176977e-02 1.004574194806705408e-02
-1.328125000000000000e+01 -8.364279827519671695e-02 -1.368375185258153583e-02 2.338664952796442112e-02 9.443704247495667004e-03
-1.289062500000000000e+01 -8.711204247861209504e-02 -3.849929220777561362e-03 2.689878323374510216e-02 8.461832580683911406e-03
-1.250000000000000000e+01 -8.648297672400237501e-02 7.268119244286018465e-03 2.992631368368519479e-02 6.933566031452556219e-03
-1.210937500000000000e+01 -8.129677681217446772e-02 1.943506279642270851e-02 3.222272467454885547e-02 4.693376568275028568e-03
-1.171875000000000000e+01 -7.120691418464597522e-02 3.230755631927841043e-02 3.348466674459416037e-02 1.624483088861919909e-03
-1.132812500000000000e+01 -5.602507037039500259e-02 4.541709614129849082e-02 3.338127354919465106e-02 -2.288714467545436247e-03
-1.093750000000000000e+01 -3.577100047244489989e-02 5.816821083164618045e-02 3.160282166097189149e-02 -6.916526484487569085e-03
-1.054687500000001421e+01 -1.071900048682889253e-02 6.985851588517266730e-02 2.792245372431361936e-02 -1.196379529589973456e-02
-1.015624999999998579e+01 1.856828415262773424e-02 7.972353686885741419e-02 2.225883131831416645e-02 -1.698702756748842607e-02
-9.765625000000000000e+00 5.122806383840431549e-02 8.700362212075264667e-02 1.472382316269353966e-02 -2.145364262611078321e-02
-9.375000000000000000e+00 8.611470349239680466e-02 9.102401793681277886e-02 5.640034340051180289e-03 -2.483437066287474265e-02
-8.984375000000000000e+00 1.218486742168420900e-01 9.127430654863444293e-02 -4.480642816262842866e-03 -2.670560866623656465e-02
-8.593750000000000000e+00 1.568939107441492953e-01 8.747198969711872385e-02 -1.499538584625956412e-02 -2.683083088349514853e-02
-8.203125000000000000e+00 1.896548474300601694e-01 7.959814154256153462e-02 -2.521197885653281984e-02 -2.519449997436352950e-02
-7.812500000000000000e+00 2.185809660872821691e-01 6.790008758933097077e-02 -3.447233361538491747e-02 -2.197847596613663676e-02
-7.421875000000000000e+00 2.422663812030365349e-01 5.286455124762261260e-02 -4.221720377921785172e-02 -1.749310835851472512e-02
-7.031250000000000000e+00 2.595347472804006017e-01 3.517139615477809372e-02 -4.801979770339172282e-02 -1.209269601272308994e-02
-6.640625000000014211e+00 2.695043501535126507e-01 1.564042120068387387e-02 -5.158894531237337433e-02 -6.109334266604244876e-03
-6.250000000000014211e+00 2.716327386454970849e-01 -4.818998879956782472e-03 -5.275409100743659596e-02 1.716846444749966897e-04
-5.859374999999985789e+00 2.657429589976875728e-01 -2.525170375832340094e-02 -5.144954845571357571e-02 6.492579746265846052e-03
-5.468750000000000000e+00 2.520336114942347550e-01 -4.469666520176100027e-02 -4.771205533613744054e-02 1.257886192665956700e-02
-5.078125000000000000e+00 2.310730527142756396e-01 -6.222937078077046824e-02 -4.169542168083367750e-02 1.810157760317723796e-02
-4.687500000000000000e+00 2.037756198657688644e-01 -7.701205087196280608e-02 -3.369368297086230979e-02 2.267546694632726484e-02
-4.296875000000000000e+00 1.713565705220756463e-01 -8.835185276514048724e-02 -2.415539030885546778e-02 2.590656760026235211e-02
-3.906250000000000000e+00 1.352637941503838370e-01 -9.575982688246141572e-02 -1.367088566625051724e-02 2.747927460517767678e-02
-3.515625000000000000e+00 9.708836720417868271e-02 -9.899784092424321336e-02 -2.922644424129932847e-03 2.725205998817671268e-02
-3.125000000000000000e+00 5.846147498744516668e-02 -9.809932305243601602e-02 7.397080927478689658e-03 2.532291315259454362e-02
-2.734375000000000000e+00 2.095003075284612368e-02 -9.335423821231773889e-02 1.668308586539447164e-02 2.203457876925767056e-02
-2.343750000000014211e+00 -1.403456886746117654e-02 -8.525759719620017163e-02 2.450265639055127301e-02 1.791196374817282527e-02
-1.953124999999985789e+00 -4.530182318674396552e-02 -7.443082145814403083e-02 3.064580728915844085e-02 1.354917995221997795e-02
-1.562500000000000000e+00 -7.191414773325911780e-02 -6.153275576345208081e-02 3.512698817762416326e-02 9.480359596108670073e-03
-1.171875000000000000e+00 -9.318526182906250455e-02 -4.717956810663131995e-02 3.813920656997032976e-02 6.070745142905899575e-03
-7.812500000000000000e-01 -1.086517680692347387e-01 -3.188981739595690007e-02 3.997409504577030537e-02 3.454334264990054516e-03
-3.906250000000000000e-01 -1.180298528235600719e-01 -1.606407416934310661e-02 4.092864795088127505e-02 1.528340661288767229e-03
0.000000000000000000e+00 -1.211710592302640555e-01 -2.609671936059517217e-16 4.122035446556448351e-02 3.773369869366730561e-17
3.906250000000000000e-01 -1.180298528235602384e-01 1.606407416934258273e-02 4.092864795088130281e-02 -1.528340661288683311e-03
7.812500000000000000e-01 -1.086517680692351134e-01 3.188981739595639353e-02 3.997409504577036088e-02 -3.454334264989952167e-03
1.171875000000000000e+00 -9.318526182906307354e-02 4.717956810663085504e-02 3.813920656997044079e-02 -6.070745142905770338e-03
1.562500000000000000e+00 -7.191414773325986720e-02 6.153275576345167142e-02 3.512698817762431591e-02 -9.480359596108524356e-03
1.953125000000000000e+00 -4.530182318674488146e-02 7.443082145814369777e-02 3.064580728915866983e-02 -1.354917995221982703e-02
2.343750000000000000e+00 -1.403456886746219656e-02 8.525759719619993571e-02 2.450265639055155750e-02 -1.791196374817268649e-02
2.734375000000000000e+00 2.095003075284502386e-02 9.335423821231764174e-02 1.668308586539480470e-02 -2.203457876925757342e-02
3.125000000000000000e+00 5.846147498744405646e-02 9.809932305243604378e-02 7.397080927479044409e-03 -2.532291315259450892e-02
3.515625000000000000e+00 9.708836720417757249e-02 9.899784092424335213e-02 -2.922644424129575494e-03 -2.725205998817673697e-02
3.906250000000000000e+00 1.352637941503828656e-01 9.575982688246170715e-02 -1.367088566625018070e-02 -2.747927460517777046e-02
4.296875000000000000e+00 1.713565705220747581e-01 8.835185276514093133e-02 -2.415539030885517635e-02 -2.590656760026249089e-02
4.687500000000000000e+00 2.037756198657681983e-01 7.701205087196330568e-02 -3.369368297086208774e-02 -2.267546694632744178e-02
5.078125000000000000e+00 2.310730527142751400e-01 6.222937078077106499e-02 -4.169542168083353872e-02 -1.810157760317743919e-02
5.468750000000000000e+00 2.520336114942346439e-01 4.469666520176163865e-02 -4.771205533613737809e-02 -1.257886192665976823e-02
5.859375000000000000e+00 2.657429589976876283e-01 2.525170375832404973e-02 -5.144954845571358959e-02 -6.492579746266045546e-03
6.250000000000000000e+00 2.716327386454973625e-01 4.818998879957406972e-03 -5.275409100743667923e-02 -1.716846444751883496e-04
6.640625000000000000e+00 2.695043501535131503e-01 -1.564042120068329100e-02 -5.158894531237353392e-02 6.109334266604062730e-03
7.031250000000000000e+00 2.595347472804013234e-01 -3.517139615477758718e-02 -4.801979770339195180e-02 1.209269601272292168e-02
7.421875000000000000e+00 2.422663812030374786e-01 -5.286455124762219626e-02 -4.221720377921813622e-02 1.749310835851457940e-02
7.812500000000000000e+00 2.185809660872832239e-01 -6.790008758933069322e-02 -3.447233361538525054e-02 2.197847596613653615e-02
8.203125000000000000e+00 1.896548474300612797e-01 -7.959814154256138197e-02 -2.521197885653318413e-02 2.519449997436348093e-02
8.593750000000000000e+00 1.568939107441504888e-01 -8.747198969711873773e-02 -1.499538584625993709e-02 2.683083088349516587e-02
8.984375000000000000e+00 1.218486742168432557e-01 -9.127430654863459558e-02 -4.480642816263188943e-03 2.670560866623665486e-02
9.375000000000000000e+00 8.611470349239787325e-02 -9.102401793681305642e-02 5.640034340050880182e-03 2.483437066287488837e-02
9.765625000000000000e+00 5.122806383840525224e-02 -8.700362212075299362e-02 1.472382316269330721e-02 2.145364262611097750e-02
1.015625000000000000e+01 1.856828415262851834e-02 -7.972353686885784441e-02 2.225883131831401379e-02 1.698702756748864465e-02
1.054687500000000000e+01 -1.071900048682829058e-02 -6.985851588517318078e-02 2.792245372431354997e-02 1.196379529589994967e-02
1.093750000000000000e+01 -3.577100047244449743e-02 -5.816821083164668005e-02 3.160282166097191925e-02 6.916526484487768578e-03
1.132812500000000000e+01 -5.602507037039482218e-02 -4.541709614129896266e-02 3.338127354919474821e-02 2.288714467545604515e-03
1.171875000000000000e+01 -7.120691418464594746e-02 -3.230755631927884064e-02 3.348466674459431303e-02 -1.624483088861790239e-03
1.210937500000000000e+01 -8.129677681217462037e-02 -1.943506279642307627e-02 3.222272467454904976e-02 -4.693376568274933158e-03
1.250000000000000000e+01 -8.648297672400262481e-02 -7.268119244286295154e-03 2.992631368368541683e-02 -6.933566031452492902e-03
1.289062500000000000e+01 -8.711204247861242811e-02 3.849929220777373144e-03 2.689878323374535196e-02 -8.461832580683874977e-03
1.328125000000000000e+01 -8.364279827519710553e-02 1.368375185258144736e-02 2.338664952796466745e-02 -9.443704247495653126e-03
1.367187500000000000e+01 -7.660886567772549893e-02 2.208138665199238515e-02 1.957019175632202651e-02 -1.004574194806706622e-02
1.406250000000000000e+01 -6.659106375139198231e-02 2.894926914684834221e-02 1.557033972849641498e-02 -1.040078265629697761e-02
1.445312500000000000e+01 -5.419873219996605013e-02 3.423219790063331686e-02 1.146600010958455200e-02 -1.058943177560567848e-02
1.484375000000000000e+01 -4.005741502140210131e-02 3.790106975398653544e-02 7.315491879631425345e-03 -1.063716986548200738e-02
1.523437500000000000e+01 -2.479970473954600657e-02 3.994886790482114758e-02 3.176556473343251832e-03 -1.052386287337996051e-02
1.562500000000000000e+01 -9.056244752805284876e-03 4.039351006229718877e-02 -8.790410115515098592e-04 -1.020113547499009073e-02
1.601562500000000000e+01 6.555311240340686019e-03 3.928496786343702030e-02 -4.758439942106125475e-03 -9.612760456558469557e-03
1.640625000000000000e+01 2.144445818429185913e-02 3.671360195974536500e-02 -8.348444338741673604e-03 -8.713723827299863639e-03
1.679687500000000000e+01 3.506501646450653487e-02 3.281684493106850481e-02 -1.152292386859922295e-02 -7.484738461879820309e-03
1.718750000000000000e+01 4.693422527370155750e-02 2.778203990657454256e-02 -1.415468261771869914e-02 -5.940439208763189510e-03
1.757812500000000000e+01 5.665197452191611527e-02 2.184418780221665524e-02 -1.612922719393661969e-02 -4.130977966424673881e-03
1.796875000000000000e+01 6.391810560535697572e-02 1.527834787821581025e-02 -1.735800242437147631e-02 -2.137928563497334608e-03
1.835937500000000000e+01 6.854578599804495020e-02 8.387295856951745149e-03 -1.778917013255601823e-02 -6.609553478275796354e-05
1.875000000000000000e+01 7.046932891483326244e-02 1.485667060978301812e-03 -1.741467419086079049e-02 1.967029451927083776e-03
1.914062500000000000e+01 6.974538769984497955e-02 -5.117825942811219178e-03 -1.627297985801877747e-02 3.842649127922734970e-03
1.953125000000000000e+01 6.654710801283086896e-02 -1.113837913788995673e-02 -1.444739703726673034e-02 5.451724480623466179e-03
1.992187500000000000e+01 6.115148976956427673e-02 -1.633160917601197276e-02 -1.206028999173928626e-02 6.704839156023922712e-03
2.031250000000000000e+01 5.392083446325790508e-02 -2.050709638177789645e-02 -9.263794117834530870e-03 7.540092436054537939e-03
2.070312500000000000e+01 4.527968270072721402e-02 -2.353776387852794458e-02 -6.227957491356509410e-03 7.928268925780830936e-03
2.109375000000000000e+01 3.568903612401456982e-02 -2.536431255476471330e-02 -3.127505902281218532e-03 7.874623520790498266e-03
2.148437500000000000e+01 2.561986521526829486e-02 -2.599444431388830273e-02 -1.286385912093386845e-04 7.416915741237522369e-03
2.187500000000000000e+01 1.552789914621004186e-02 -2.549717166115520600e-02 2.622690577940547420e-03 6.619847409345313606e-03
2.226562500000000000e+01 5.831469486122114500e-03 -2.399305238122194026e-02 5.009733906806305981e-03 5.566684582316860225e-03
2.265625000000000000e+01 -3.106235923577195784e-03 -2.164161078382374759e-02 6.950295891799346606e-03 4.349379376606518979e-03
2.304687500000000000e+01 -1.098969678623582143e-02 -1.862743256599101033e-02 8.398183129460921187e-03 3.058764419884692394e-03
2.343750000000000000e+01 -1.759813643048186577e-02 -1.514641066286986221e-02 9.341081907042851629e-03 1.776284393721579147e-03
2.382812500000000000e+01 -2.278746344093480342e-02 -1.139339050721018334e-02 9.795683616360521123e-03 5.682971507696600458e-04
2.421875000000000000e+01 -2.648780840739647230e-02 -7.552078940897450493e-03 9.801164752173735853e-03 -5.166356997676143942e-04
2.460937500000000000e+01 -2.869763592565897220e-02 -3.787632765230986194e-03 9.412169697150495062e-03 -1.447662375544124611e-03
2.500000000000000000e+01 -2.947549010269768371e-02 -2.419222657396813100e-04 8.692271487086029175e-03 -2.209416955350058248e-03
2.539062500000000000e+01 -2.893036290291747803e-02 2.968858110447157063e-03 7.708574537082128059e-03 -2.798552587147303157e-03
2.578125000000000000e+01 -2.721150502118751049e-02 5.754749351492611034e-03 6.527765816436573339e-03 -3.219932290813568108e-03
2.617187500000000000e+01 -2.449828209252604555e-02 8.051329651081150229e-03 5.213598093863444638e-03 -3.483206957961401586e-03
2.656250000000000000e+01 -2.099046352847869223e-02 9.818274616823273113e-03 3.825554259050937926e-03 -3.600243077975650609e-03
2.695312500000000000e+01 -1.689915263145141261e-02 1.103756618253811869e-02 2.418317201267436000e-03 -3.583577989751583325e-03
2.734375000000000000e+01 -1.243844395762519137e-02 1.171158681242427668e-02 1.041649786363457167e-03 -3.445837534693806797e-03
2.773437500000000000e+01 -7.817830528036848192e-03 1.186119086697555447e-02 -2.596496666403005048e-04 -3.199883723174987062e-03
2.812500000000000000e+01 -3.235370554015059522e-03 1.152373464309054685e-02 -1.445941527248204364e-03 -2.859378263356679439e-03
2.851562500000000000e+01 1.128355444346524142e-03 1.075098319069931613e-02 -2.483187878925989696e-03 -2.439443219535638707e-03
2.890624999999997158e+01 5.115429752873728100e-03 9.606796494713607665e-03 -3.343628085795818331e-03 -1.957153326697216259e-03
2.929687500000000000e+01 8.594823070626485262e-03 8.164522172415845935e-03 -4.006583203361283735e-03 -1.431681871438253125e-03
2.968750000000002842e+01 1.146553984942445467e-02 6.504073431097007023e-03 -4.459235211836944449e-03 -8.840207543859702598e-04
3.007812500000000000e+01 1.365856660401075506e-02 4.708734831733268206e-03 -4.697214415902926585e-03 -3.362870525807902002e-04
3.046875000000000000e+01 1.513753544595516053e-02 2.861800572955612056e-03 -4.724848096553428689e-03 1.892990110621448844e-04
3.085937500000000000e+01 1.589806622589227600e-02 1.043199543023234531e-03 -4.554966818806273354e-03 6.716321667309728015e-04
3.125000000000000000e+01 1.596581743598531056e-02 -6.737089709510212659e-04 -4.208221646554077475e-03 1.091981888974449290e-03
3.164062500000000000e+01 1.539334987670877737e-02 -2.224978644881836151e-03 -3.711926239004521844e-03 1.435140913733484389e-03
3.203125000000000000e+01 1.425597886938864689e-02 -3.558384994368514118e-03 -3.098494096544765920e-03 1.690330018291381952e-03
3.242187500000000000e+01 1.264685199189576233e-02 -4.635062955349041752e-03 -2.403586553999119673e-03 1.851761406107211823e-03
3.281250000000000000e+01 1.067153307125775011e-02 -5.430387887290316802e-03 -1.664116880268372289e-03 1.918807080466494817e-03
3.320312499999997158e+01 8.442394975317324066e-03 -5.934074378741858308e-03 -9.162674670008582462e-04 1.895766481723587353e-03
3.359375000000000000e+01 6.073121837343622292e-03 -6.149527793894550912e-03 -1.936701832429789036e-04 1.791273669604572872e-03
3.398437500000002842e+01 3.673596752629928325e-03 -6.092538008346114371e-03 4.741235974356644307e-04 1.617422732756389073e-03
3.437500000000000000e+01 1.345407250303687786e-03 -5.789447446272339912e-03 1.062793052459716720e-03 1.388715986383508294e-03
3.476562500000000000e+01 -8.218565715300985702e-04 -5.274952441045703717e-03 1.553971182080428988e-03 1.120949757379971230e-03
3.515625000000000000e+01 -2.753400915437236030e-03 -4.589706541711080327e-03 1.935538620907426705e-03 8.301466190740003186e-04
3.554687500000000000e+01 -4.391078858297019910e-03 -3.777887555476550779e-03 2.201524349492781779e-03 5.316230879711162337e-04
3.593750000000000000e+01 -5.694306936462395149e-03 -2.884869821496882647e-03 2.351678948512834523e-03 2.392526043728457341e-04
3.632812500000000000e+01 -6.640111799771105869e-03 -1.955113833052151209e-03 2.390803032796924837e-03 -3.504909938402260040e-05
3.671874999999997158e+01 -7.222408292635698265e-03 -1.030351782337542935e-03 2.327917976776882562e-03 -2.816196408842973342e-04
3.710937500000000000e+01 -7.450634466360742808e-03 -1.481144908706508471e-04 2.175359798339840389e-03 -4.931538158821262632e-04
3.749999999999997158e+01 -7.347880929499110703e-03 6.593838951039193014e-04 1.947863296730373978e-03 -6.646573064878929290e-04
3.789062500000000000e+01 -6.948653655463843740e-03 1.366009910457480301e-03 1.661686003467796255e-03 -7.932968260856567777e-04
3.828125000000002842e+01 -6.296403519208506813e-03 1.952145791533280508e-03 1.333803746146242607e-03 -8.781898911809020002e-04
3.867187500000000000e+01 -5.440945102445050689e-03 2.404827152895971931e-03 9.811943770591672123e-04 -9.201684102052142683e-04
3.906250000000000000e+01 -4.435873995705638499e-03 2.717619107074225465e-03 6.202150949769112340e-04 -9.215386634655785498e-04
3.945312500000000000e+01 -3.336077627147891137e-03 2.890267311563391589e-03 2.660722518757043312e-04 -8.858487930019115931e-04
3.984375000000000000e+01 -2.195420566263667477e-03 2.928159399399990134e-03 -6.761990884038325891e-05 -8.176657019001091868e-04
4.023437500000000000e+01 -1.064671673318791020e-03 2.841630888008733757e-03 -3.691946214417303126e-04 -7.223574424958592588e-04
4.062500000000000000e+01 1.027266801623127890e-05 2.645148850640441709e-03 -6.292030444961637520e-04 -6.058750119965366533e-04
4.101562499999997158e+01 9.898279850244079414e-04 2.356406711464293854e-03 -8.405984897725817754e-04 -4.745285005077837584e-04
4.140625000000000000e+01 1.841795741357454830e-03 1.995364344848352470e-03 -9.988317468986856323e-04 -3.347558027347271627e-04
4.179687500000002842e+01 2.542057441689761499e-03 1.583268737952336913e-03 -1.101854952696415448e-03 -1.928864598663752004e-04
4.218750000000000000e+01 3.074888234918211199e-03 1.141691163221796555e-03 -1.150033319167595089e-03 -5.490752535978939836e-05
4.257812500000000000e+01 3.432903451347470852e-03 6.916164550725481530e-04 -1.145967431222555399e-03 7.375826281772780713e-05
4.296875000000000000e+01 3.616665098463003186e-03 2.526180835948511200e-04 -1.094233259007764900e-03 1.884498747755478272e-04
4.335937500000000000e+01 3.633987834094604130e-03 -1.578510108390244245e-04 -1.001051834536608419e-03 2.854287802868999855e-04
4.375000000000000000e+01 3.498994610905515473e-03 -5.250274209569810377e-04 -8.739050119101901895e-04 3.619926950597634877e-04
4.414062500000000000e+01 3.230980368316184459e-03 -8.372488507612015768e-04 -7.211172309705702124e-04 4.165350080946275029e-04
4.453125000000000000e+01 2.853147309115757618e-03 -1.086199240804767985e-03 -5.514252607796560346e-04 4.485467472110444198e-04
4.492187500000000000e+01 2.391277127685335208e-03 -1.266987123136261405e-03 -3.735582487778320651e-04 4.585624497569391889e-04
4.531249999999997158e+01 1.872404002034719003e-03 -1.378065392800368986e-03 -1.958490110795072132e-04 4.480556103194346853e-04
4.570312500000000000e+01 1.323547432540072774e-03 -1.421008330828235980e-03 -2.589455228525468569e-05 4.192929676136781299e-04
4.609375000000002842e+01 7.705565514755322726e-04 -1.400167962333455883e-03 1.297203435220240300e-04 3.751593962872407789e-04
4.648437500000000000e+01 2.371079658789292111e-04 -1.322236303148293865e-03 2.656274862151095659e-04 3.189663891262697892e-04
4.687500000000000000e+01 -2.561117303243524816e-04 -1.195742553400372041e-03 3.778037513764529332e-04 2.542570398981656380e-04
4.726562500000000000e+01 -6.920191589094351874e-04 -1.030514846004653221e-03 4.636246233527482625e-04 1.846192236503391496e-04
4.765625000000000000e+01 -1.057534838416921124e-03 -8.371349337443507316e-04 5.218479699906478954e-04 1.135166027818790193e-04
4.804687500000000000e+01 -1.343773711611967198e-03 -6.264115115475468384e-04 5.525364786455383079e-04 4.414451577332127209e-05
4.843750000000000000e+01 -1.546037218508425218e-03 -4.088941084930096392e-04 5.569294086216699819e-04 -2.068490900761257010e-05
4.882812500000000000e+01 -1.663626332779148502e-03 -1.944450571829102210e-04 5.372755047023140482e-04 -7.862661618675560716e-05
4.921875000000000000e+01 -1.699500902435159208e-03 8.117658299135015187e-06 4.966391841579432349e-04 -1.278558103113670386e-04
4.960937499999997158e+01 -1.659814719921525513e-03 1.912985347704805670e-04 4.386916391767145453e-04 -1.670924358814061968e-04
5.000000000000000000e+01 -1.553358061298741166e-03 3.491198883183803370e-04 3.674975005956205069e-04 -1.955999924455114822e-04
5.039062500000002842e+01 -1.390940128317441323e-03 4.772345331482645689e-04 2.873063926703505301e-04 -2.131623073632472431e-04
5.078125000000000000e+01 -1.184743099575705791e-03 5.729592963728356164e-04 2.023572445991596259e-04 -2.200420861959258767e-04
5.117187500000000000e+01 -9.476775693814964464e-04 6.352356455100040093e-04 1.167017371656526095e-04 -2.169250045454809359e-04
5.156250000000000000e+01 -6.927662514366621140e-04 6.645259140983224375e-04 3.405182666445715975e-05 -2.048529180213695309e-04
5.195312500000000000e+01 -4.325791677687035449e-04 6.626552741532325090e-04 -4.234506530157008865e-05 -1.851495439825470084e-04
5.234375000000000000e+01 -1.787393379909699262e-04 6.326107554772276813e-04 -1.098008769973035127e-04 -1.593417671796816711e-04
5.273437500000000000e+01 5.848657614859363238e-05 5.783092816162081588e-04 -1.662506261178532045e-04 -1.290795603285375178e-04
5.312500000000000000e+01 2.705029477944572228e-04 5.043469052744345427e-04 -2.102850450075993693e-04 -9.605737714659854341e-05
5.351562500000000000e+01 4.506001896793787598e-04 4.157412030624261026e-04 -2.411532426972540308e-04 -6.193973627762199181e-05
5.390624999999997158e+01 5.940696530414117660e-04 3.176781523063637591e-04 -2.587375327601080426e-04 -2.829352921185292365e-05
5.429687500000000000e+01 6.982222224910794584e-04 2.152737900348936084e-04 -2.635035063648996645e-04 3.470682288570468843e-06
5.468750000000002842e+01 7.623181754398879878e-04 1.133595873029731235e-04 -2.564292457234718103e-04 3.214648617569327779e-05
5.507812500000000000e+01 7.874190493476172781e-04 1.629881759005911632e-05 -2.389182220300079505e-04 5.676714564497274684e-05
5.546875000000000000e+01 7.761747439550929772e-04 -7.216067065009051582e-05 -2.127008639013156302e-04 7.662799275978530479e-05
5.585937500000000000e+01 7.325608118055500217e-04 -1.489938628753606151e-04 -1.797299867143074825e-04 9.129548785835844664e-05
5.625000000000000000e+01 6.615818277276586112e-04 -2.119647806860844416e-04 -1.420752247254684561e-04 1.006033941547861469e-04
5.664062500000000000e+01 5.689568839267050704e-04 -2.596520474698318579e-04 -1.018213095011228503e-04 1.046371362127818117e-04
5.703125000000000000e+01 4.608026771434348134e-04 -2.914361836390149708e-04 -6.097451202433622208e-05 1.037079507474566488e-04
5.742187500000000000e+01 3.433284177885020938e-04 -3.074525498323061462e-04 -2.138085087718391217e-05 9.831885956107142520e-05
5.781250000000000000e+01 2.225550064686616925e-04 -3.085151007707152143e-04 1.534118299734849034e-05 8.912477093360677075e-05
5.820312499999997158e+01 1.040687201264572925e-04 -2.960170068611565897e-04 4.785156393680546974e-05 7.688913589704547691e-05
5.859375000000000000e+01 -7.182830837643150446e-06 -2.718147267524329697e-04 7.512245676424443228e-05 6.243955290259096957e-05
5.898437500000002842e+01 -1.070473279501989866e-04 -2.381022766830623305e-04 9.645476064689550858e-05 4.662454492825865091e-05
5.937500000000000000e+01 -1.922744172962089632e-04 -1.972822671375187159e-04 1.114783199272233096e-04 3.027345337791326890e-05
5.976562500000000000e+01 -2.605723775495599054e-04 -1.518398063147675253e-04 1.201373418558159857e-04 1.416103525691669168e-05
6.015625000000000000e+01 -3.106169819033243774e-04 -1.042246573868168408e-04 1.226631032013852235e-04 -1.022052256573029172e-06
6.054687500000000000e+01 -3.420166871143067496e-04 -5.674614347684139859e-05 1.195364091059565245e-04 -1.469211096003170472e-05
6.093750000000000000e+01 -3.552398437546978698e-04 -1.148428373343168829e-05 1.114424887053737032e-04 -2.638823682271033283e-05
6.132812500000000000e+01 -3.515107749337709891e-04 2.978042322209373954e-05 9.922108266311163022e-05 -3.578113016027044879e-05
6.171874999999997158e+01 -3.326823052284214738e-04 6.561722008159662917e-05 8.381441431023952532e-05 -4.267519786052640512e-05
6.210937500000000000e+01 -3.010926467621865416e-04 9.497498769330025084e-05 6.621555915144704263e-05 -4.700452679146658111e-05
6.250000000000002842e+01 -2.594144920065825227e-04 1.171924223839091112e-04 4.741945963089057303e-05 -4.882351097204411239e-05
6.289062500000000000e+01 -2.105037635315894218e-04 1.319899120980247116e-04 2.837849601958902790e-05 -4.829306106552593361e-05
6.328125000000002842e+01 -1.572547805970565121e-04 1.394452026117418142e-04 9.964141925677700434e-06 -4.566341666513516057e-05
6.367187500000000000e+01 -1.024676792429606714e-04 1.399554629147366919e-04 -7.064175497884656041e-06 -4.125462418761750849e-05
6.406250000000000000e+01 -4.873282848744803220e-05 1.341887150883413343e-04 -2.208230664785043248e-05 -3.543574080715206076e-05
6.445312500000000000e+01 1.664216342364341350e-06 1.230277889390993251e-04 -3.461640505573538099e-05 -2.860378253994873103e-05
6.484375000000000000e+01 4.681492929759119292e-05 1.075100016761018629e-04 -4.434983427461808986e-05 -2.116335704169356076e-05
6.523437500000000000e+01 8.523613905595493756e-05 8.876565981701545899e-05 -5.112239010987649351e-05 -1.350781372976592003e-05
6.562500000000000000e+01 1.158945730407008948e-04 6.795825067956295235e-05 -5.492257220064461400e-05 -6.002610703820156907e-06
6.601562499999997158e+01 1.382087871969774322e-04 4.622885450130537199e-05 -5.587388293531699371e-05 1.028554548138235422e-06
6.640625000000000000e+01 1.520305572579087015e-04 2.464688861667473085e-05 -5.421631337511811574e-05 7.314468933991265590e-06
6.679687500000002842e+01 1.576085402624233939e-04 4.168817330196285253e-06 -5.028429166638575393e-05 1.264377112255915189e-05
6.718750000000000000e+01 1.555375542447844789e-04 -1.439404887307749875e-05 -4.448241865746913742e-05 1.686892033026291503e-05
6.757812500000000000e+01 1.466971618555110851e-04 -3.039805769371487984e-05 -3.726030039803403596e-05 1.990688345894259421e-05
6.796875000000000000e+01 1.321833824258593360e-04 -4.337991480038959347e-05 -2.908771307029650935e-05 2.173679985726447057e-05
6.835937500000000000e+01 1.132373078647618686e-04 -5.305993052328000607e-05 -2.043121045091061266e-05 2.239500250289614292e-05
6.875000000000000000e+01 9.117417979324568544e-05 -5.933656715909421415e-05 -1.173311709858375004e-05 2.196786648534822251e-05
6.914062500000000000e+01 6.731612380261355055e-05 -6.227337132928584696e-05 -3.393653446433653881e-06 2.058301744023243417e-05
6.953125000000000000e+01 4.293126157255654218e-05 -6.207962569794141586e-05 4.243276058165604964e-06 1.839946307707093602e-05
6.992187500000000000e+01 1.918136546683220367e-05 -5.908621867867268687e-05 1.090032157974102009e-05 1.559721106044777150e-05
7.031249999999997158e+01 -2.920383297772000120e-06 -5.371830949040022965e-05 1.637285856760130331e-05 1.236690884150984555e-05
7.070312500000000000e+01 -2.254058998644135892e-05 -4.646636323039302768e-05 2.053119561897008907e-05 8.899989559765005692e-06
7.109375000000002842e+01 -3.904545469979488204e-05 -3.785705431068146776e-05 2.331910057251293522e-05 5.379737788724229045e-06
7.148437500000000000e+01 -5.200941319799014251e-05 -2.842539731511169177e-05 2.474907149438367211e-05 1.973605178124141976e-06
7.187500000000000000e+01 -6.121332492353345756e-05 -1.868927478180203161e-05 2.489489044337476510e-05 -1.172985418351540562e-06
7.226562500000000000e+01 -6.663333661259063581e-05 -9.127305486578141114e-06 2.388207277259721956e-05 -3.941202544132651683e-06
7.265625000000000000e+01 -6.842187051228718758e-05 -1.607487488961348299e-07 2.187686330291688415e-05 -6.241681940765070671e-06
7.304687500000000000e+01 -6.688240789950831988e-05 7.860116026615557305e-06 1.907443482229232226e-05 -8.015746566792866790e-06
7.343750000000000000e+01 -6.243986066005978441e-05 1.466494706290222966e-05 1.568691732357452122e-05 -9.235076367876014422e-06
7.382812500000000000e+01 -5.560835020079063495e-05 2.006768342659257659e-05 1.193183261388557070e-05 -9.899995381760368085e-06
7.421875000000000000e+01 -4.695815207394343771e-05 2.396653236371153878e-05 8.021433612907715588e-06 -1.003659178848903197e-05
7.460937499999997158e+01 -3.708342781200309191e-05 2.634003702605401155e-05 4.153356453256464020e-06 -9.692919779044541911e-06
7.500000000000000000e+01 -2.657216644500783043e-05 2.723980072865741250e-05 5.028921935138278010e-07 -8.934550612339732176e-06
7.539062500000002842e+01 -1.597951238759172388e-05 2.678054312926759183e-05 -2.782920783725092995e-06 -7.839744598942335885e-06
7.578125000000000000e+01 -5.805379904062421548e-06 2.512822167338507259e-05 -5.589287485679647616e-06 -6.494507168383146026e-06
7.617187500000000000e+01 3.523036868461476567e-06 2.248696959012991964e-05 -7.835733176592661609e-06 -4.987772259664445020e-06
7.656250000000000000e+01 1.166354024866381178e-05 1.908558267028816896e-05 -9.476359003013530569e-06 -3.406926970897679319e-06
7.695312500000000000e+01 1.836595052405205070e-05 1.516423545161113551e-05 -1.049844561726819003e-05 -1.833854895331955490e-06
7.734375000000000000e+01 2.347408277572887031e-05 1.096202881911527427e-05 -1.091963538174924378e-05 -3.416341697558278323e-07
7.773437500000000000e+01 2.692310546656244419e-05 6.705871687176512275e-06 -1.078396833257937171e-05 1.008017691395048793e-06
7.812500000000000000e+01 2.873288179949980148e-05 2.601086043801936754e-06 -1.015707438169742051e-05 2.166504335932451647e-06
7.851562500000000000e+01 2.899802346986377066e-05 -1.175996072680027260e-06 -9.120834549897769220e-06 3.099311055482917299e-06
7.890624999999997158e+01 2.787546752832867347e-05 -4.483296679859069545e-06 -7.767818434558076274e-06 3.786198504072968429e-06
7.929687500000000000e+01 2.557042146584045939e-05 -7.216086627785667229e-06 -6.195785372932124946e-06 4.220696463975125157e-06
7.968750000000002842e+01 2.232151231806173142e-05 -9.307987091663680324e-06 -4.502505140371350356e-06 4.408991614418631549e-06
8.007812500000000000e+01 1.838592734987321009e-05 -1.073004603954590130e-05 -2.781113170330189177e-06 4.368323285556998531e-06
8.046875000000000000e+01 1.402525292205913932e-05 -1.148813284973255328e-05 -1.116168058524352746e-06 4.125013756668335918e-06
8.085937500000000000e+01 9.492611627803793084e-06 -1.161894995053199681e-05 4.194715733374376754e-07 3.712264853034151837e-06
8.125000000000000000e+01 5.021573417571256748e-06 -1.118499603810672264e-05 1.766885119514408076e-06 3.167850846569082029e-06
8.164062500000000000e+01 8.171820054178602355e-07 -1.026883135232803390e-05 2.882426620720579535e-06 2.531829717909023225e-06
8.203125000000000000e+01 -2.950699117675037453e-06 -8.966992857088219859e-06 3.738188927454935695e-06 1.844381684595148771e-06
8.242187500000000000e+01 -6.151649365453148999e-06 -7.383887971529334848e-06 4.321663633793590420e-06 1.143866702288387494e-06
8.281250000000000000e+01 -8.696613043195078330e-06 -5.625962341066631511e-06 4.634697008429160270e-06 4.651726572325355635e-07
8.320312499999997158e+01 -1.053763836905696749e-05 -3.796393055487817803e-06 4.691865992683189046e-06 -1.615955410889241550e-07
8.359375000000000000e+01 -1.166567955473117590e-05 -1.990506982012252291e-06 4.518413679413871287e-06 -7.120575675296711426e-07
8.398437500000002842e+01 -1.210677510028344492e-05 -2.920677983596353666e-07 4.147890636179308449e-06 -1.168122587110777266e-06
8.437500000000000000e+01 -1.191696035506960988e-05 1.229481924491793166e-06 3.619647500571559172e-06 -1.518189284215737400e-06
8.476562500000000000e+01 -1.117629519234268620e-05 2.520792703211011121e-06 2.976316304806369065e-06 -1.757009524202407524e-06
8.515625000000000000e+01 -9.982389543295583367e-06 3.545414453097472940e-06 2.261404090886116186e-06 -1.885257729474995592e-06
8.554687500000000000e+01 -8.443792637681524216e-06 4.283702170999187375e-06 1.517103849022621853e-06 -1.908858157900761299e-06
8.593750000000000000e+01 -6.673578915664113431e-06 4.731922891212242410e-06 7.824060406121102762e-07 -1.838128761206224426e-06
8.632812500000000000e+01 -4.783418010557982658e-06 4.900693765512442734e-06 9.157036247146865815e-08 -1.686803218383173264e-06
8.671874999999997158e+01 -2.878361541169827120e-06 4.812899713961191206e-06 -5.270066699009090527e-07 -1.470992300320848878e-06
8.710937500000000000e+01 -1.052519351507630319e-06 4.501248393752252386e-06 -1.051516050823778081e-06 -1.208142285559141160e-06
8.749999999999997158e+01 6.142641592876696421e-07 4.005620760227143057e-06 -1.467061711496811527e-06 -9.160421859245697351e-07
8.789062500000000000e+01 2.058683603881061863e-06 3.370368146888777505e-06 -1.765614955608063585e-06 -6.119236048061048316e-07
8.828125000000002842e+01 3.235202470551479248e-06 2.641692776198661941e-06 -1.945641147232252122e-06 -3.116877358988467961e-07
8.867187500000000000e+01 4.116295548143439342e-06 1.865229340938800995e-06 -2.011453419593217662e-06 -2.928392222809050871e-08
8.906250000000000000e+01 4.691801733135853025e-06 1.083922300998407806e-06 -1.972355702702793812e-06 2.237460781122010967e-07
8.945312500000000000e+01 4.967517143091189358e-06 3.362683817439982015e-07 -1.841640936528499140e-06 4.385538919507089850e-07
8.984375000000000000e+01 4.963180559007171477e-06 -3.450320535391959709e-07 -1.635510178498236766e-06 6.091052622697601393e-07
9.023437500000000000e+01 4.710015334780104368e-06 -9.339961722504286357e-07 -1.371974828933732182e-06 7.321484594390026412e-07
9.062500000000000000e+01 4.247994568266910687e-06 -1.411856957504731280e-06 -1.069797918221756378e-06 8.070495086543588714e-07
9.101562499999997158e+01 3.622990475425635903e-06 -1.767163447657926767e-06 -7.475219481320113935e-07 8.355180798665789998e-07
9.140625000000000000e+01 2.883955830007556287e-06 -1.995524414294402860e-06 -4.226208301771200437e-07 8.212508415990360522e-07
9.179687500000002842e+01 2.080266531243046835e-06 -2.099049541293140919e-06 -1.108027008409062653e-07 7.695203017733104334e-07
9.218750000000000000e+01 1.259331481054393187e-06 -2.085550490471543839e-06 1.745205248510073304e-07 6.867367572417626409e-07
9.257812500000000000e+01 4.645506414269195972e-07 -1.967568366650906952e-06 4.225914734569402587e-07 5.800091350382369226e-07
9.296875000000000000e+01 -2.663239980771336946e-07 -1.761294302481120067e-06 6.254976333518180720e-07 4.567274777475538450e-07
9.335937500000000000e+01 -9.023953463915823647e-07 -1.485446631000267304e-06 7.782059439527533318e-07 3.241858877226465319e-07
9.375000000000000000e+01 -1.420390511541747003e-06 -1.160161998531392819e-06 8.784604016119634817e-07 1.892602097040114398e-07
9.414062500000000000e+01 -1.805007803279412570e-06 -8.059494790262078379e-07 9.265660699704636460e-07 5.814991008113931659e-08
9.453125000000000000e+01 -2.048874059440430884e-06 -4.427470174164782613e-07 9.250856332770895918e-07 -6.381119618641128977e-08
9.492187500000000000e+01 -2.152158255053215896e-06 -8.910908112433335582e-08 8.784755517431130922e-07 -1.722752413207268019e-07
9.531249999999997158e+01 -2.121896575751902603e-06 2.384560747331621045e-07 7.926881264823382178e-07 -2.639354967064883040e-07
9.570312500000000000e+01 -1.971089368738021541e-06 5.259910150282043340e-07 6.747635979947180784e-07 -3.365236371077190425e-07
9.609375000000002842e+01 -1.717631946923647845e-06 7.624358995678148787e-07 5.324330881245273317e-07 -3.887587265230529887e-07
9.648437500000000000e+01 -1.383139619524909047e-06 9.398250657779994022e-07 3.737490879022944273e-07 -4.202591500947205905e-07
9.687500000000000000e+01 -9.917231781481072872e-07 1.053346705970348296e-06 2.067556508344309263e-07 -4.314293805766228340e-07
9.726562500000000000e+01 -5.687650664713828075e-07 1.101282767659861328e-06 3.920581982501392115e-08 -4.233332626720626157e-07
9.765625000000000000e+01 -1.397393120357651175e-07 1.084848276378114207e-06 -1.216705789904015678e-07 -3.975645152028833840e-07
9.804687500000000000e+01 2.708893386063615516e-07 1.007949724442236406e-06 -2.693495220230934795e-07 -3.561235194342315946e-07
9.843750000000000000e+01 6.406591705615527488e-07 8.768812385581692403e-07 -3.981496416657903659e-07 -3.013073444262451273e-07
9.882812500000000000e+01 9.499771767840226033e-07 6.999752483090315724e-07 -5.033294846051861171e-07 -2.356175385462462579e-07
9.921875000000000000e+01 1.182841723706973269e-06 4.872217013590640633e-07 -5.811525867031874792e-07 -1.616876815061819850e-07
9.960937499999997158e+01 1.327412178946107968e-06 2.498668850697133292e-07 -6.289280697520382990e-07 -8.223023211005944799e-08
